
$GPGGA,093646,,,,,0,5,3.5,,M,,M,,0000*75
$GPRMC,093646,A,,,,,000.0,000.0,260837,,,A*4d
$GPGLL,,,,,093646,A,A*72
$GPVTG,000.0,000.0,000.0,A*3d
$GPGSA,A,3,01,07,08,011,030,,,,,,,,4.9,3.5,3.4,1*2e
$GPGSV,2,1,5,01,64,50,48,07,58,344,46,08,33,131,45,011,73,110,40,1*59
$GPGSV,2,2,5,030,65,276,43,1*55
$GPGGA,093647,,,,,0,5,3.5,,M,,M,,0000*74
$GPRMC,093647,A,,,,,000.0,000.0,260837,,,A*4c
$GPGLL,,,,,093647,A,A*73
$GPVTG,000.0,000.0,000.0,A*3d
$GPGSA,A,3,01,07,08,011,030,,,,,,,,4.9,3.5,3.4,1*2e
$GPGSV,2,1,5,01,64,50,48,07,58,344,46,08,33,131,45,011,73,110,40,1*59
$GPGSV,2,2,5,030,65,276,43,1*55
$GPGGA,093647,,,,,0,5,3.5,,M,,M,,0000*74
$GPRMC,093647,A,,,,,000.0,000.0,260837,,,A*4c
$GPGLL,,,,,093647,A,A*73
$GPVTG,000.0,000.0,000.0,A*3d
$GPGSA,A,3,01,07,08,011,030,,,,,,,,4.9,3.5,3.4,1*2e
$GPGSV,2,1,5,01,64,50,48,07,58,344,46,08,33,131,45,011,73,110,40,1*59
$GPGSV,2,2,5,030,65,276,43,1*55
$GPGGA,093648,,,,,0,5,3.5,,M,,M,,0000*7b
$GPRMC,093648,A,,,,,000.0,000.0,260837,,,A*43
$GPGLL,,,,,093648,A,A*7c
$GPVTG,000.0,000.0,000.0,A*3d
$GPGSA,A,3,01,07,08,011,030,,,,,,,,4.9,3.5,3.4,1*2e
$GPGSV,2,1,5,01,64,50,49,07,58,344,46,08,33,131,45,011,73,110,40,1*58
$GPGSV,2,2,5,030,65,276,44,1*52
$GPGGA,093648,,,,,0,5,3.5,,M,,M,,0000*7b
$GPRMC,093648,A,,,,,000.0,000.0,260837,,,A*43
$GPGLL,,,,,093648,A,A*7c
$GPVTG,000.0,000.0,000.0,A*3d
$GPGSA,A,3,01,07,08,011,030,,,,,,,,4.9,3.5,3.4,1*2e
$GPGSV,2,1,5,01,64,50,49,07,58,344,46,08,33,131,45,011,73,110,40,1*58
$GPGSV,2,2,5,030,65,276,44,1*52
$GPGGA,093649,,,,,0,5,3.5,,M,,M,,0000*7a
$GPRMC,093649,A,,,,,000.0,000.0,260837,,,A*42
$GPGLL,,,,,093649,A,A*7d
$GPVTG,000.0,000.0,000.0,A*3d
$GPGSA,A,3,01,07,08,011,030,,,,,,,,4.9,3.5,3.4,1*2e
$GPGSV,2,1,5,01,64,50,48,07,58,344,45,08,33,131,45,011,73,110,41,1*5b
$GPGSV,2,2,5,030,65,276,44,1*52
$GPGGA,093649,,,,,0,5,3.5,,M,,M,,0000*7a
$GPRMC,093649,A,,,,,000.0,000.0,260837,,,A*42
$GPGLL,,,,,093649,A,A*7d
$GPVTG,000.0,000.0,000.0,A*3d
$GPGSA,A,3,01,07,08,011,030,,,,,,,,4.9,3.5,3.4,1*2e
$GPGSV,2,1,5,01,64,50,48,07,58,344,45,08,33,131,45,011,73,110,41,1*5b
$GPGSV,2,2,5,030,65,276,44,1*52
$GPGGA,093650,,,,,0,5,3.5,,M,,M,,0000*72
$GPRMC,093650,A,,,,,000.0,000.0,260837,,,A*4a
$GPGLL,,,,,093650,A,A*75
$GPVTG,000.0,000.0,000.0,A*3d
$GPGSA,A,3,01,07,08,011,030,,,,,,,,4.9,3.5,3.4,1*2e
$GPGSV,2,1,5,01,64,50,48,07,58,344,44,08,33,131,42,011,73,110,40,1*5c
$GPGSV,2,2,5,030,65,276,42,1*54
$GPGGA,093650,,,,,0,5,3.5,,M,,M,,0000*72
$GPRMC,093650,A,,,,,000.0,000.0,260837,,,A*4a
$GPGLL,,,,,093650,A,A*75
$GPVTG,000.0,000.0,000.0,A*3d
$GPGSA,A,3,01,07,08,011,030,,,,,,,,4.9,3.5,3.4,1*2e
$GPGSV,2,1,5,01,64,50,48,07,58,344,44,08,33,131,42,011,73,110,40,1*5c
$GPGSV,2,2,5,030,65,276,42,1*54
$GPGGA,093651,,,,,0,5,3.5,,M,,M,,0000*73
$GPRMC,093651,A,,,,,000.0,000.0,260837,,,A*4b
$GPGLL,,,,,093651,A,A*74
$GPVTG,000.0,000.0,000.0,A*3d
$GPGSA,A,3,01,07,08,011,030,,,,,,,,4.9,3.5,3.4,1*2e
$GPGSV,2,1,5,01,64,50,49,07,58,344,45,08,33,131,43,011,73,110,39,1*53
$GPGSV,2,2,5,030,65,276,42,1*54
$GPGGA,093651,,,,,0,5,3.5,,M,,M,,0000*73
$GPRMC,093651,A,,,,,000.0,000.0,260837,,,A*4b
$GPGLL,,,,,093651,A,A*74
$GPVTG,000.0,000.0,000.0,A*3d
$GPGSA,A,3,01,07,08,011,030,,,,,,,,4.9,3.5,3.4,1*2e
$GPGSV,2,1,5,01,64,50,49,07,58,344,45,08,33,131,43,011,73,110,39,1*53
$GPGSV,2,2,5,030,65,276,42,1*54
$GPGGA,093652,,,,,0,5,3.5,,M,,M,,0000*70
$GPRMC,093652,A,,,,,000.0,000.0,260837,,,A*48
$GPGLL,,,,,093652,A,A*77
$GPVTG,000.0,000.0,000.0,A*3d
$GPGSA,A,3,01,07,08,011,030,,,,,,,,4.9,3.5,3.4,1*2e
$GPGSV,2,1,5,01,64,50,48,07,58,344,44,08,33,131,44,011,73,110,40,1*5a
$GPGSV,2,2,5,030,65,276,42,1*54
$GPGGA,093652,,,,,0,5,3.5,,M,,M,,0000*70
$GPRMC,093652,A,,,,,000.0,000.0,260837,,,A*48
$GPGLL,,,,,093652,A,A*77
$GPVTG,000.0,000.0,000.0,A*3d
$GPGSA,A,3,01,07,08,011,030,,,,,,,,4.9,3.5,3.4,1*2e
$GPGSV,2,1,5,01,64,50,48,07,58,344,44,08,33,131,44,011,73,110,40,1*5a
$GPGSV,2,2,5,030,65,276,42,1*54
$GPGGA,093653,,,,,0,5,3.5,,M,,M,,0000*71
$GPRMC,093653,A,,,,,000.0,000.0,260837,,,A*49
$GPGLL,,,,,093653,A,A*76
$GPVTG,000.0,000.0,000.0,A*3d
$GPGSA,A,3,01,07,08,011,030,,,,,,,,4.9,3.5,3.4,1*2e
$GPGSV,2,1,5,01,64,50,48,07,58,344,44,08,33,131,44,011,73,110,41,1*5b
$GPGSV,2,2,5,030,65,276,44,1*52
$GPGGA,093653,,,,,0,5,3.5,,M,,M,,0000*71
$GPRMC,093653,A,,,,,000.0,000.0,260837,,,A*49
$GPGLL,,,,,093653,A,A*76
$GPVTG,000.0,000.0,000.0,A*3d
$GPGSA,A,3,01,07,08,011,030,,,,,,,,4.9,3.5,3.4,1*2e
$GPGSV,2,1,5,01,64,50,48,07,58,344,44,08,33,131,44,011,73,110,41,1*5b
$GPGSV,2,2,5,030,65,276,44,1*52
$GPGGA,093654,,,,,0,5,3.5,,M,,M,,0000*76
$GPRMC,093654,A,,,,,000.0,000.0,260837,,,A*4e
$GPGLL,,,,,093654,A,A*71
$GPVTG,000.0,000.0,000.0,A*3d
$GPGSA,A,3,01,07,08,011,030,,,,,,,,4.9,3.5,3.4,1*2e
$GPGSV,2,1,5,01,64,50,48,07,58,344,44,08,33,131,45,011,73,110,42,1*59
$GPGSV,2,2,5,030,65,276,43,1*55
$GPGGA,093654,,,,,0,5,3.5,,M,,M,,0000*76
$GPRMC,093654,A,,,,,000.0,000.0,260837,,,A*4e
$GPGLL,,,,,093654,A,A*71
$GPVTG,000.0,000.0,000.0,A*3d
$GPGSA,A,3,01,07,08,011,030,,,,,,,,4.9,3.5,3.4,1*2e
$GPGSV,2,1,5,01,64,50,48,07,58,344,44,08,33,131,45,011,73,110,42,1*59
$GPGSV,2,2,5,030,65,276,43,1*55
$GPGGA,093655,,,,,0,5,3.5,,M,,M,,0000*77
$GPRMC,093655,A,,,,,000.0,000.0,260837,,,A*4f
$GPGLL,,,,,093655,A,A*70
$GPVTG,000.0,000.0,000.0,A*3d
$GPGSA,A,3,01,07,08,011,030,,,,,,,,4.9,3.5,3.4,1*2e
$GPGSV,2,1,5,01,64,50,49,07,58,344,45,08,33,131,45,011,73,110,42,1*59
$GPGSV,2,2,5,030,65,276,43,1*55
$GPGGA,093655,,,,,0,5,3.5,,M,,M,,0000*77
$GPRMC,093655,A,,,,,000.0,000.0,260837,,,A*4f
$GPGLL,,,,,093655,A,A*70
$GPVTG,000.0,000.0,000.0,A*3d
$GPGSA,A,3,01,07,08,011,030,,,,,,,,4.9,3.5,3.4,1*2e
$GPGSV,2,1,5,01,64,50,49,07,58,344,45,08,33,131,45,011,73,110,42,1*59
$GPGSV,2,2,5,030,65,276,43,1*55
$GPGGA,093656,,,,,0,5,3.5,,M,,M,,0000*74
$GPRMC,093656,A,,,,,000.0,000.0,260837,,,A*4c
$GPGLL,,,,,093656,A,A*73
$GPVTG,000.0,000.0,000.0,A*3d
$GPGSA,A,3,01,07,08,011,030,,,,,,,,4.9,3.5,3.4,1*2e
$GPGSV,2,1,5,01,64,50,49,07,58,344,45,08,33,131,42,011,73,110,41,1*5d
$GPGSV,2,2,5,030,65,276,41,1*57
$GPGGA,093656,,,,,0,5,3.5,,M,,M,,0000*74
$GPRMC,093656,A,,,,,000.0,000.0,260837,,,A*4c
$GPGLL,,,,,093656,A,A*73
$GPVTG,000.0,000.0,000.0,A*3d
$GPGSA,A,3,01,07,08,011,030,,,,,,,,4.9,3.5,3.4,1*2e
$GPGSV,2,1,5,01,64,50,49,07,58,344,45,08,33,131,42,011,73,110,41,1*5d
$GPGSV,2,2,5,030,65,276,41,1*57
$GPGGA,093657,,,,,0,5,3.5,,M,,M,,0000*75
$GPRMC,093657,A,,,,,000.0,000.0,260837,,,A*4d
$GPGLL,,,,,093657,A,A*72
$GPVTG,000.0,000.0,000.0,A*3d
$GPGSA,A,3,01,07,08,011,030,,,,,,,,4.9,3.5,3.4,1*2e
$GPGSV,2,1,5,01,64,50,49,07,58,344,45,08,33,131,43,011,73,110,42,1*5f
$GPGSV,2,2,5,030,65,276,43,1*55
$GPGGA,093657,,,,,0,5,3.5,,M,,M,,0000*75
$GPRMC,093657,A,,,,,000.0,000.0,260837,,,A*4d
$GPGLL,,,,,093657,A,A*72
$GPVTG,000.0,000.0,000.0,A*3d
$GPGSA,A,3,01,07,08,011,030,,,,,,,,4.9,3.5,3.4,1*2e
$GPGSV,2,1,5,01,64,50,49,07,58,344,45,08,33,131,43,011,73,110,42,1*5f
$GPGSV,2,2,5,030,65,276,43,1*55
$GPGGA,093658,,,,,0,5,3.5,,M,,M,,0000*7a
$GPRMC,093658,A,,,,,000.0,000.0,260837,,,A*42
$GPGLL,,,,,093658,A,A*7d
$GPVTG,000.0,000.0,000.0,A*3d
$GPGSA,A,3,01,07,08,011,030,,,,,,,,4.9,3.5,3.4,1*2e
$GPGSV,2,1,5,01,64,50,49,07,57,344,45,08,33,131,43,011,73,110,43,1*51
$GPGSV,2,2,5,030,65,276,45,1*53
$GPGGA,093658,,,,,0,5,3.5,,M,,M,,0000*7a
$GPRMC,093658,A,,,,,000.0,000.0,260837,,,A*42
$GPGLL,,,,,093658,A,A*7d
$GPVTG,000.0,000.0,000.0,A*3d
$GPGSA,A,3,01,07,08,011,030,,,,,,,,4.9,3.5,3.4,1*2e
$GPGSV,2,1,5,01,64,50,49,07,57,344,45,08,33,131,43,011,73,110,43,1*51
$GPGSV,2,2,5,030,65,276,45,1*53
$GPGGA,093659,,,,,0,5,3.5,,M,,M,,0000*7b
$GPRMC,093659,A,,,,,000.0,000.0,260837,,,A*43
$GPGLL,,,,,093659,A,A*7c
$GPVTG,000.0,000.0,000.0,A*3d
$GPGSA,A,3,01,07,08,011,030,,,,,,,,4.9,3.5,3.4,1*2e
$GPGSV,2,1,5,01,64,50,50,07,57,344,46,08,33,131,43,011,73,110,42,1*5b
$GPGSV,2,2,5,030,65,276,45,1*53
$GPGGA,093659,,,,,0,5,3.5,,M,,M,,0000*7b
$GPRMC,093659,A,,,,,000.0,000.0,260837,,,A*43
$GPGLL,,,,,093659,A,A*7c
$GPVTG,000.0,000.0,000.0,A*3d
$GPGSA,A,3,01,07,08,011,030,,,,,,,,4.9,3.5,3.4,1*2e
$GPGSV,2,1,5,01,64,50,50,07,57,344,46,08,33,131,43,011,73,110,42,1*5b
$GPGSV,2,2,5,030,65,276,45,1*53
$GPGGA,093700,,,,,0,5,3.5,,M,,M,,0000*76
$GPRMC,093700,A,,,,,000.0,000.0,260837,,,A*4e
$GPGLL,,,,,093700,A,A*71
$GPVTG,000.0,000.0,000.0,A*3d
$GPGSA,A,3,01,07,08,011,030,,,,,,,,4.9,3.5,3.4,1*2e
$GPGSV,2,1,5,01,64,50,49,07,57,344,46,08,33,131,44,011,73,110,44,1*52
$GPGSV,2,2,5,030,65,276,45,1*53
$GPGGA,093700,,,,,0,5,3.5,,M,,M,,0000*76
$GPRMC,093700,A,,,,,000.0,000.0,260837,,,A*4e
$GPGLL,,,,,093700,A,A*71
$GPVTG,000.0,000.0,000.0,A*3d
$GPGSA,A,3,01,07,08,011,030,,,,,,,,4.9,3.5,3.4,1*2e
$GPGSV,2,1,5,01,64,50,49,07,57,344,46,08,33,131,44,011,73,110,44,1*52
$GPGSV,2,2,5,030,65,276,45,1*53
$GPGGA,093701,,,,,0,5,3.5,,M,,M,,0000*77
$GPRMC,093701,A,,,,,000.0,000.0,260837,,,A*4f
$GPGLL,,,,,093701,A,A*70
$GPVTG,000.0,000.0,000.0,A*3d
$GPGSA,A,3,01,07,08,011,030,,,,,,,,4.9,3.5,3.4,1*2e
$GPGSV,2,1,5,01,64,50,49,07,57,344,46,08,33,131,44,011,73,110,42,1*54
$GPGSV,2,2,5,030,65,276,46,1*50
$GPGGA,093701,,,,,0,5,3.5,,M,,M,,0000*77
$GPRMC,093701,A,,,,,000.0,000.0,260837,,,A*4f
$GPGLL,,,,,093701,A,A*70
$GPVTG,000.0,000.0,000.0,A*3d
$GPGSA,A,3,01,07,08,011,030,,,,,,,,4.9,3.5,3.4,1*2e
$GPGSV,2,1,5,01,64,50,49,07,57,344,46,08,33,131,44,011,73,110,42,1*54
$GPGSV,2,2,5,030,65,276,46,1*50
$GPGGA,093702,,,,,0,5,3.5,,M,,M,,0000*74
$GPRMC,093702,A,,,,,000.0,000.0,260837,,,A*4c
$GPGLL,,,,,093702,A,A*73
$GPVTG,000.0,000.0,000.0,A*3d
$GPGSA,A,3,01,07,08,011,030,,,,,,,,4.9,3.5,3.4,1*2e
$GPGSV,2,1,5,01,64,50,48,07,57,344,46,08,33,131,44,011,73,110,42,1*55
$GPGSV,2,2,5,030,65,276,46,1*50
$GPGGA,093702,,,,,0,5,3.5,,M,,M,,0000*74
$GPRMC,093702,A,,,,,000.0,000.0,260837,,,A*4c
$GPGLL,,,,,093702,A,A*73
$GPVTG,000.0,000.0,000.0,A*3d
$GPGSA,A,3,01,07,08,011,030,,,,,,,,4.9,3.5,3.4,1*2e
$GPGSV,2,1,5,01,64,50,48,07,57,344,46,08,33,131,44,011,73,110,42,1*55
$GPGSV,2,2,5,030,65,276,46,1*50
$GPGGA,093703,,,,,0,5,3.5,,M,,M,,0000*75
$GPRMC,093703,A,,,,,000.0,000.0,260837,,,A*4d
$GPGLL,,,,,093703,A,A*72
$GPVTG,000.0,000.0,000.0,A*3d
$GPGSA,A,3,01,07,08,011,030,,,,,,,,4.9,3.5,3.4,1*2e
$GPGSV,2,1,5,01,64,50,48,07,57,344,45,08,33,131,44,011,73,110,43,1*57
$GPGSV,2,2,5,030,65,276,45,1*53
$GPGGA,093703,,,,,0,5,3.5,,M,,M,,0000*75
$GPRMC,093703,A,,,,,000.0,000.0,260837,,,A*4d
$GPGLL,,,,,093703,A,A*72
$GPVTG,000.0,000.0,000.0,A*3d
$GPGSA,A,3,01,07,08,011,030,,,,,,,,4.9,3.5,3.4,1*2e
$GPGSV,2,1,5,01,64,50,48,07,57,344,45,08,33,131,44,011,73,110,43,1*57
$GPGSV,2,2,5,030,65,276,45,1*53
$GPGGA,093704,,,,,0,5,3.5,,M,,M,,0000*72
$GPRMC,093704,A,,,,,000.0,000.0,260837,,,A*4a
$GPGLL,,,,,093704,A,A*75
$GPVTG,000.0,000.0,000.0,A*3d
$GPGSA,A,3,01,07,08,011,030,,,,,,,,4.9,3.5,3.4,1*2e
$GPGSV,2,1,5,01,64,50,48,07,57,344,46,08,33,131,44,011,73,110,44,1*53
$GPGSV,2,2,5,030,65,276,46,1*50
$GPGGA,093704,,,,,0,5,3.5,,M,,M,,0000*72
$GPRMC,093704,A,,,,,000.0,000.0,260837,,,A*4a
$GPGLL,,,,,093704,A,A*75
$GPVTG,000.0,000.0,000.0,A*3d
$GPGSA,A,3,01,07,08,011,030,,,,,,,,4.9,3.5,3.4,1*2e
$GPGSV,2,1,5,01,64,50,48,07,57,344,46,08,33,131,44,011,73,110,44,1*53
$GPGSV,2,2,5,030,65,276,46,1*50
$GPGGA,093705,,,,,0,5,3.5,,M,,M,,0000*73
$GPRMC,093705,A,,,,,000.0,000.0,260837,,,A*4b
$GPGLL,,,,,093705,A,A*74
$GPVTG,000.0,000.0,000.0,A*3d
$GPGSA,A,3,01,07,08,011,030,,,,,,,,4.9,3.5,3.4,1*2e
$GPGSV,2,1,5,01,64,50,49,07,57,344,46,08,33,131,45,011,73,110,44,1*53
$GPGSV,2,2,5,030,65,276,47,1*51
$GPGGA,093705,,,,,0,5,3.5,,M,,M,,0000*73
$GPRMC,093705,A,,,,,000.0,000.0,260837,,,A*4b
$GPGLL,,,,,093705,A,A*74
$GPVTG,000.0,000.0,000.0,A*3d
$GPGSA,A,3,01,07,08,011,030,,,,,,,,4.9,3.5,3.4,1*2e
$GPGSV,2,1,5,01,64,50,49,07,57,344,46,08,33,131,45,011,73,110,44,1*53
$GPGSV,2,2,5,030,65,276,47,1*51
$GPGGA,093706,,,,,0,5,3.5,,M,,M,,0000*70
$GPRMC,093706,A,,,,,000.0,000.0,260837,,,A*48
$GPGLL,,,,,093706,A,A*77
$GPVTG,000.0,000.0,000.0,A*3d
$GPGSA,A,3,01,07,08,011,030,,,,,,,,4.9,3.5,3.4,1*2e
$GPGSV,2,1,5,01,64,50,49,07,57,344,47,08,33,131,45,011,73,110,44,1*52
$GPGSV,2,2,5,030,65,276,47,1*51
$GPGGA,093706,,,,,0,5,3.5,,M,,M,,0000*70
$GPRMC,093706,A,,,,,000.0,000.0,260837,,,A*48
$GPGLL,,,,,093706,A,A*77
$GPVTG,000.0,000.0,000.0,A*3d
$GPGSA,A,3,01,07,08,011,030,,,,,,,,4.9,3.5,3.4,1*2e
$GPGSV,2,1,5,01,64,50,49,07,57,344,47,08,33,131,45,011,73,110,44,1*52
$GPGSV,2,2,5,030,65,276,47,1*51
$GPGGA,093707,,,,,0,5,3.5,,M,,M,,0000*71
$GPRMC,093707,A,,,,,000.0,000.0,260837,,,A*49
$GPGLL,,,,,093707,A,A*76
$GPVTG,000.0,000.0,000.0,A*3d
$GPGSA,A,3,01,07,08,011,030,,,,,,,,4.9,3.5,3.4,1*2e
$GPGSV,2,1,5,01,64,50,48,07,57,344,46,08,33,131,45,011,73,110,43,1*55
$GPGSV,2,2,5,030,65,276,46,1*50
$GPGGA,093707,,,,,0,5,3.5,,M,,M,,0000*71
$GPRMC,093707,A,,,,,000.0,000.0,260837,,,A*49
$GPGLL,,,,,093707,A,A*76
$GPVTG,000.0,000.0,000.0,A*3d
$GPGSA,A,3,01,07,08,011,030,,,,,,,,4.9,3.5,3.4,1*2e
$GPGSV,2,1,5,01,64,50,48,07,57,344,46,08,33,131,45,011,73,110,43,1*55
$GPGSV,2,2,5,030,65,276,46,1*50
$GPGGA,093708,,,,,0,5,3.5,,M,,M,,0000*7e
$GPRMC,093708,A,,,,,000.0,000.0,260837,,,A*46
$GPGLL,,,,,093708,A,A*79
$GPVTG,000.0,000.0,000.0,A*3d
$GPGSA,A,3,01,07,08,011,030,,,,,,,,4.9,3.5,3.4,1*2e
$GPGSV,2,1,5,01,64,50,49,07,57,344,46,08,33,131,44,011,73,110,41,1*57
$GPGSV,2,2,5,030,65,276,44,1*52
$GPGGA,093708,,,,,0,5,3.5,,M,,M,,0000*7e
$GPRMC,093708,A,,,,,000.0,000.0,260837,,,A*46
$GPGLL,,,,,093708,A,A*79
$GPVTG,000.0,000.0,000.0,A*3d
$GPGSA,A,3,01,07,08,011,030,,,,,,,,4.9,3.5,3.4,1*2e
$GPGSV,2,1,5,01,64,50,49,07,57,344,46,08,33,131,44,011,73,110,41,1*57
$GPGSV,2,2,5,030,65,276,44,1*52
$GPGGA,093709,,,,,0,5,3.5,,M,,M,,0000*7f
$GPRMC,093709,A,,,,,000.0,000.0,260837,,,A*47
$GPGLL,,,,,093709,A,A*78
$GPVTG,000.0,000.0,000.0,A*3d
$GPGSA,A,3,01,07,08,011,030,,,,,,,,4.9,3.5,3.4,1*2e
$GPGSV,2,1,5,01,64,50,49,07,57,344,46,08,33,131,43,011,73,110,40,1*51
$GPGSV,2,2,5,030,65,276,43,1*55
$GPGGA,093709,,,,,0,5,3.5,,M,,M,,0000*7f
$GPRMC,093709,A,,,,,000.0,000.0,260837,,,A*47
$GPGLL,,,,,093709,A,A*78
$GPVTG,000.0,000.0,000.0,A*3d
$GPGSA,A,3,01,07,08,011,030,,,,,,,,4.9,3.5,3.4,1*2e
$GPGSV,2,1,5,01,64,50,49,07,57,344,46,08,33,131,43,011,73,110,40,1*51
$GPGSV,2,2,5,030,65,276,43,1*55
$GPGGA,093710,,,,,0,5,3.5,,M,,M,,0000*77
$GPRMC,093710,A,,,,,000.0,000.0,260837,,,A*4f
$GPGLL,,,,,093710,A,A*70
$GPVTG,000.0,000.0,000.0,A*3d
$GPGSA,A,3,01,07,08,011,030,,,,,,,,4.9,3.5,3.4,1*2e
$GPGSV,2,1,5,01,64,50,49,07,57,344,46,08,33,131,44,011,73,110,41,1*57
$GPGSV,2,2,5,030,65,276,43,1*55
$GPGGA,093710,,,,,0,5,3.5,,M,,M,,0000*77
$GPRMC,093710,A,,,,,000.0,000.0,260837,,,A*4f
$GPGLL,,,,,093710,A,A*70
$GPVTG,000.0,000.0,000.0,A*3d
$GPGSA,A,3,01,07,08,011,030,,,,,,,,4.9,3.5,3.4,1*2e
$GPGSV,2,1,5,01,64,50,49,07,57,344,46,08,33,131,44,011,73,110,41,1*57
$GPGSV,2,2,5,030,65,276,43,1*55
$GPGGA,093711,,,,,0,5,3.5,,M,,M,,0000*76
$GPRMC,093711,A,,,,,000.0,000.0,260837,,,A*4e
$GPGLL,,,,,093711,A,A*71
$GPVTG,000.0,000.0,000.0,A*3d
$GPGSA,A,3,01,07,08,011,030,,,,,,,,4.9,3.5,3.4,1*2e
$GPGSV,2,1,5,01,64,50,49,07,57,344,47,08,33,131,45,011,73,110,43,1*55
$GPGSV,2,2,5,030,65,276,43,1*55
$GPGGA,093711,,,,,0,5,3.5,,M,,M,,0000*76
$GPRMC,093711,A,,,,,000.0,000.0,260837,,,A*4e
$GPGLL,,,,,093711,A,A*71
$GPVTG,000.0,000.0,000.0,A*3d
$GPGSA,A,3,01,07,08,011,030,,,,,,,,4.9,3.5,3.4,1*2e
$GPGSV,2,1,5,01,64,50,49,07,57,344,47,08,33,131,45,011,73,110,43,1*55
$GPGSV,2,2,5,030,65,276,43,1*55
$GPGGA,093712,,,,,0,5,3.5,,M,,M,,0000*75
$GPRMC,093712,A,,,,,000.0,000.0,260837,,,A*4d
$GPGLL,,,,,093712,A,A*72
$GPVTG,000.0,000.0,000.0,A*3d
$GPGSA,A,3,01,07,08,011,030,,,,,,,,4.9,3.5,3.4,1*2e
$GPGSV,2,1,5,01,64,50,48,07,57,344,47,08,33,131,45,011,73,110,44,1*53
$GPGSV,2,2,5,030,65,276,46,1*50
$GPGGA,093712,,,,,0,5,3.5,,M,,M,,0000*75
$GPRMC,093712,A,,,,,000.0,000.0,260837,,,A*4d
$GPGLL,,,,,093712,A,A*72
$GPVTG,000.0,000.0,000.0,A*3d
$GPGSA,A,3,01,07,08,011,030,,,,,,,,4.9,3.5,3.4,1*2e
$GPGSV,2,1,5,01,64,50,48,07,57,344,47,08,33,131,45,011,73,110,44,1*53
$GPGSV,2,2,5,030,65,276,46,1*50
$GPGGA,093713,,,,,0,5,3.5,,M,,M,,0000*74
$GPRMC,093713,A,,,,,000.0,000.0,260837,,,A*4c
$GPGLL,,,,,093713,A,A*73
$GPVTG,000.0,000.0,000.0,A*3d
$GPGSA,A,3,01,07,08,011,030,,,,,,,,4.9,3.5,3.4,1*2e
$GPGSV,2,1,5,01,64,50,48,07,57,344,46,08,33,131,44,011,73,110,43,1*54
$GPGSV,2,2,5,030,65,276,44,1*52
$GPGGA,093713,,,,,0,5,3.5,,M,,M,,0000*74
$GPRMC,093713,A,,,,,000.0,000.0,260837,,,A*4c
$GPGLL,,,,,093713,A,A*73
$GPVTG,000.0,000.0,000.0,A*3d
$GPGSA,A,3,01,07,08,011,030,,,,,,,,4.9,3.5,3.4,1*2e
$GPGSV,2,1,5,01,64,50,48,07,57,344,46,08,33,131,44,011,73,110,43,1*54
$GPGSV,2,2,5,030,65,276,44,1*52
$GPGGA,093714,,,,,0,5,3.5,,M,,M,,0000*73
$GPRMC,093714,A,,,,,000.0,000.0,260837,,,A*4b
$GPGLL,,,,,093714,A,A*74
$GPVTG,000.0,000.0,000.0,A*3d
$GPGSA,A,3,01,07,08,011,030,,,,,,,,4.9,3.5,3.4,1*2e
$GPGSV,2,1,5,01,64,50,49,07,57,344,46,08,33,131,45,011,73,110,42,1*55
$GPGSV,2,2,5,030,65,277,43,1*54
$GPGGA,093714,,,,,0,5,3.5,,M,,M,,0000*73
$GPRMC,093714,A,,,,,000.0,000.0,260837,,,A*4b
$GPGLL,,,,,093714,A,A*74
$GPVTG,000.0,000.0,000.0,A*3d
$GPGSA,A,3,01,07,08,011,030,,,,,,,,4.9,3.5,3.4,1*2e
$GPGSV,2,1,5,01,64,50,49,07,57,344,46,08,33,131,45,011,73,110,42,1*55
$GPGSV,2,2,5,030,65,277,43,1*54
$GPGGA,093715,,,,,0,5,3.5,,M,,M,,0000*72
$GPRMC,093715,A,,,,,000.0,000.0,260837,,,A*4a
$GPGLL,,,,,093715,A,A*75
$GPVTG,000.0,000.0,000.0,A*3d
$GPGSA,A,3,01,07,08,011,030,,,,,,,,4.9,3.5,3.4,1*2e
$GPGSV,2,1,5,01,64,50,48,07,57,344,46,08,33,131,44,011,73,110,41,1*56
$GPGSV,2,2,5,030,65,277,43,1*54
$GPGGA,093715,,,,,0,5,3.5,,M,,M,,0000*72
$GPRMC,093715,A,,,,,000.0,000.0,260837,,,A*4a
$GPGLL,,,,,093715,A,A*75
$GPVTG,000.0,000.0,000.0,A*3d
$GPGSA,A,3,01,07,08,011,030,,,,,,,,4.9,3.5,3.4,1*2e
$GPGSV,2,1,5,01,64,50,48,07,57,344,46,08,33,131,44,011,73,110,41,1*56
$GPGSV,2,2,5,030,65,277,43,1*54
$GPGGA,093716,,,,,0,5,3.5,,M,,M,,0000*71
$GPRMC,093716,A,,,,,000.0,000.0,260837,,,A*49
$GPGLL,,,,,093716,A,A*76
$GPVTG,000.0,000.0,000.0,A*3d
$GPGSA,A,3,01,07,08,011,030,,,,,,,,4.9,3.5,3.4,1*2e
$GPGSV,2,1,5,01,64,50,49,07,57,344,46,08,33,131,43,011,73,110,42,1*53
$GPGSV,2,2,5,030,65,277,44,1*53
$GPGGA,093716,,,,,0,5,3.5,,M,,M,,0000*71
$GPRMC,093716,A,,,,,000.0,000.0,260837,,,A*49
$GPGLL,,,,,093716,A,A*76
$GPVTG,000.0,000.0,000.0,A*3d
$GPGSA,A,3,01,07,08,011,030,,,,,,,,4.9,3.5,3.4,1*2e
$GPGSV,2,1,5,01,64,50,49,07,57,344,46,08,33,131,43,011,73,110,42,1*53
$GPGSV,2,2,5,030,65,277,44,1*53
$GPGGA,093717,,,,,0,5,3.5,,M,,M,,0000*70
$GPRMC,093717,A,,,,,000.0,000.0,260837,,,A*48
$GPGLL,,,,,093717,A,A*77
$GPVTG,000.0,000.0,000.0,A*3d
$GPGSA,A,3,01,07,08,011,030,,,,,,,,4.9,3.5,3.4,1*2e
$GPGSV,2,1,5,01,64,50,48,07,57,344,46,08,33,131,44,011,73,110,43,1*54
$GPGSV,2,2,5,030,65,277,44,1*53
$GPGGA,093717,,,,,0,5,3.5,,M,,M,,0000*70
$GPRMC,093717,A,,,,,000.0,000.0,260837,,,A*48
$GPGLL,,,,,093717,A,A*77
$GPVTG,000.0,000.0,000.0,A*3d
$GPGSA,A,3,01,07,08,011,030,,,,,,,,4.9,3.5,3.4,1*2e
$GPGSV,2,1,5,01,64,50,48,07,57,344,46,08,33,131,44,011,73,110,43,1*54
$GPGSV,2,2,5,030,65,277,44,1*53
$GPGGA,093718,,,,,0,5,3.5,,M,,M,,0000*7f
$GPRMC,093718,A,,,,,000.0,000.0,260837,,,A*47
$GPGLL,,,,,093718,A,A*78
$GPVTG,000.0,000.0,000.0,A*3d
$GPGSA,A,3,01,07,08,011,030,,,,,,,,4.9,3.5,3.4,1*2e
$GPGSV,2,1,5,01,64,50,48,07,57,344,46,08,33,131,44,011,73,110,44,1*53
$GPGSV,2,2,5,030,65,277,44,1*53
$GPGGA,093718,,,,,0,5,3.5,,M,,M,,0000*7f
$GPRMC,093718,A,,,,,000.0,000.0,260837,,,A*47
$GPGLL,,,,,093718,A,A*78
$GPVTG,000.0,000.0,000.0,A*3d
$GPGSA,A,3,01,07,08,011,030,,,,,,,,4.9,3.5,3.4,1*2e
$GPGSV,2,1,5,01,64,50,48,07,57,344,46,08,33,131,44,011,73,110,44,1*53
$GPGSV,2,2,5,030,65,277,44,1*53
$GPGGA,093719,,,,,0,5,3.5,,M,,M,,0000*7e
$GPRMC,093719,A,,,,,000.0,000.0,260837,,,A*46
$GPGLL,,,,,093719,A,A*79
$GPVTG,000.0,000.0,000.0,A*3d
$GPGSA,A,3,01,07,08,011,030,,,,,,,,4.9,3.5,3.4,1*2e
$GPGSV,2,1,5,01,64,50,48,07,57,344,46,08,33,131,44,011,73,110,42,1*55
$GPGSV,2,2,5,030,65,277,42,1*55
$GPGGA,093719,,,,,0,5,3.5,,M,,M,,0000*7e
$GPRMC,093719,A,,,,,000.0,000.0,260837,,,A*46
$GPGLL,,,,,093719,A,A*79
$GPVTG,000.0,000.0,000.0,A*3d
$GPGSA,A,3,01,07,08,011,030,,,,,,,,4.9,3.5,3.4,1*2e
$GPGSV,2,1,5,01,64,50,48,07,57,344,46,08,33,131,44,011,73,110,42,1*55
$GPGSV,2,2,5,030,65,277,42,1*55
$GPGGA,093720,,,,,0,5,3.5,,M,,M,,0000*74
$GPRMC,093720,A,,,,,000.0,000.0,260837,,,A*4c
$GPGLL,,,,,093720,A,A*73
$GPVTG,000.0,000.0,000.0,A*3d
$GPGSA,A,3,01,07,08,011,030,,,,,,,,4.9,3.5,3.4,1*2e
$GPGSV,2,1,5,01,64,50,48,07,57,344,44,08,33,131,45,011,73,110,41,1*55
$GPGSV,2,2,5,030,65,277,42,1*55
$GPGGA,093720,,,,,0,5,3.5,,M,,M,,0000*74
$GPRMC,093720,A,,,,,000.0,000.0,260837,,,A*4c
$GPGLL,,,,,093720,A,A*73
$GPVTG,000.0,000.0,000.0,A*3d
$GPGSA,A,3,01,07,08,011,030,,,,,,,,4.9,3.5,3.4,1*2e
$GPGSV,2,1,5,01,64,50,48,07,57,344,44,08,33,131,45,011,73,110,41,1*55
$GPGSV,2,2,5,030,65,277,42,1*55
$GPGGA,093721,,,,,0,5,3.5,,M,,M,,0000*75
$GPRMC,093721,A,,,,,000.0,000.0,260837,,,A*4d
$GPGLL,,,,,093721,A,A*72
$GPVTG,000.0,000.0,000.0,A*3d
$GPGSA,A,3,01,07,08,011,030,,,,,,,,4.9,3.5,3.4,1*2e
$GPGSV,2,1,5,01,64,50,48,07,57,344,44,08,33,131,44,011,73,111,41,1*55
$GPGSV,2,2,5,030,65,277,42,1*55
$GPGGA,093721,,,,,0,5,3.5,,M,,M,,0000*75
$GPRMC,093721,A,,,,,000.0,000.0,260837,,,A*4d
$GPGLL,,,,,093721,A,A*72
$GPVTG,000.0,000.0,000.0,A*3d
$GPGSA,A,3,01,07,08,011,030,,,,,,,,4.9,3.5,3.4,1*2e
$GPGSV,2,1,5,01,64,50,48,07,57,344,44,08,33,131,44,011,73,111,41,1*55
$GPGSV,2,2,5,030,65,277,42,1*55
$GPGGA,093722,,,,,0,5,3.5,,M,,M,,0000*76
$GPRMC,093722,A,,,,,000.0,000.0,260837,,,A*4e
$GPGLL,,,,,093722,A,A*71
$GPVTG,000.0,000.0,000.0,A*3d
$GPGSA,A,3,01,07,08,011,030,,,,,,,,4.9,3.5,3.4,1*2e
$GPGSV,2,1,5,01,64,50,47,07,57,344,44,08,33,131,44,011,73,111,41,1*5a
$GPGSV,2,2,5,030,65,277,42,1*55
$GPGGA,093722,,,,,0,5,3.5,,M,,M,,0000*76
$GPRMC,093722,A,,,,,000.0,000.0,260837,,,A*4e
$GPGLL,,,,,093722,A,A*71
$GPVTG,000.0,000.0,000.0,A*3d
$GPGSA,A,3,01,07,08,011,030,,,,,,,,4.9,3.5,3.4,1*2e
$GPGSV,2,1,5,01,64,50,47,07,57,344,44,08,33,131,44,011,73,111,41,1*5a
$GPGSV,2,2,5,030,65,277,42,1*55
$GPGGA,093723,,,,,0,5,3.5,,M,,M,,0000*77
$GPRMC,093723,A,,,,,000.0,000.0,260837,,,A*4f
$GPGLL,,,,,093723,A,A*70
$GPVTG,000.0,000.0,000.0,A*3d
$GPGSA,A,3,01,07,08,011,030,,,,,,,,4.9,3.5,3.4,1*2e
$GPGSV,2,1,5,01,64,50,48,07,57,344,45,08,33,131,44,011,73,111,40,1*55
$GPGSV,2,2,5,030,65,277,42,1*55
$GPGGA,093723,,,,,0,5,3.5,,M,,M,,0000*77
$GPRMC,093723,A,,,,,000.0,000.0,260837,,,A*4f
$GPGLL,,,,,093723,A,A*70
$GPVTG,000.0,000.0,000.0,A*3d
$GPGSA,A,3,01,07,08,011,030,,,,,,,,4.9,3.5,3.4,1*2e
$GPGSV,2,1,5,01,64,50,48,07,57,344,45,08,33,131,44,011,73,111,40,1*55
$GPGSV,2,2,5,030,65,277,42,1*55
$GPGGA,093724,,,,,0,5,3.5,,M,,M,,0000*70
$GPRMC,093724,A,,,,,000.0,000.0,260837,,,A*48
$GPGLL,,,,,093724,A,A*77
$GPVTG,000.0,000.0,000.0,A*3d
$GPGSA,A,3,01,07,08,011,030,,,,,,,,4.9,3.5,3.4,1*2e
$GPGSV,2,1,5,01,64,50,48,07,57,344,45,08,33,131,45,011,73,111,41,1*55
$GPGSV,2,2,5,030,65,277,43,1*54
$GPGGA,093724,,,,,0,5,3.5,,M,,M,,0000*70
$GPRMC,093724,A,,,,,000.0,000.0,260837,,,A*48
$GPGLL,,,,,093724,A,A*77
$GPVTG,000.0,000.0,000.0,A*3d
$GPGSA,A,3,01,07,08,011,030,,,,,,,,4.9,3.5,3.4,1*2e
$GPGSV,2,1,5,01,64,50,48,07,57,344,45,08,33,131,45,011,73,111,41,1*55
$GPGSV,2,2,5,030,65,277,43,1*54
$GPGGA,093725,,,,,0,5,3.5,,M,,M,,0000*71
$GPRMC,093725,A,,,,,000.0,000.0,260837,,,A*49
$GPGLL,,,,,093725,A,A*76
$GPVTG,000.0,000.0,000.0,A*3d
$GPGSA,A,3,01,07,08,011,030,,,,,,,,4.9,3.5,3.4,1*2e
$GPGSV,2,1,5,01,64,50,49,07,57,344,45,08,33,131,45,011,73,111,43,1*56
$GPGSV,2,2,5,030,65,277,43,1*54
$GPGGA,093725,,,,,0,5,3.5,,M,,M,,0000*71
$GPRMC,093725,A,,,,,000.0,000.0,260837,,,A*49
$GPGLL,,,,,093725,A,A*76
$GPVTG,000.0,000.0,000.0,A*3d
$GPGSA,A,3,01,07,08,011,030,,,,,,,,4.9,3.5,3.4,1*2e
$GPGSV,2,1,5,01,64,50,49,07,57,344,45,08,33,131,45,011,73,111,43,1*56
$GPGSV,2,2,5,030,65,277,43,1*54
$GPGGA,093726,,,,,0,5,3.5,,M,,M,,0000*72
$GPRMC,093726,A,,,,,000.0,000.0,260837,,,A*4a
$GPGLL,,,,,093726,A,A*75
$GPVTG,000.0,000.0,000.0,A*3d
$GPGSA,A,3,01,07,08,011,030,,,,,,,,4.9,3.5,3.4,1*2e
$GPGSV,2,1,5,01,64,50,50,07,57,344,45,08,33,131,42,011,73,111,43,1*59
$GPGSV,2,2,5,030,65,277,41,1*56
$GPGGA,093726,,,,,0,5,3.5,,M,,M,,0000*72
$GPRMC,093726,A,,,,,000.0,000.0,260837,,,A*4a
$GPGLL,,,,,093726,A,A*75
$GPVTG,000.0,000.0,000.0,A*3d
$GPGSA,A,3,01,07,08,011,030,,,,,,,,4.9,3.5,3.4,1*2e
$GPGSV,2,1,5,01,64,50,50,07,57,344,45,08,33,131,42,011,73,111,43,1*59
$GPGSV,2,2,5,030,65,277,41,1*56
$GPGGA,093727,,,,,0,5,3.5,,M,,M,,0000*73
$GPRMC,093727,A,,,,,000.0,000.0,260837,,,A*4b
$GPGLL,,,,,093727,A,A*74
$GPVTG,000.0,000.0,000.0,A*3d
$GPGSA,A,3,01,07,08,011,030,,,,,,,,4.9,3.5,3.4,1*2e
$GPGSV,2,1,5,01,64,50,49,07,57,344,45,08,33,131,43,011,73,111,43,1*50
$GPGSV,2,2,5,030,65,277,42,1*55
$GPGGA,093727,,,,,0,5,3.5,,M,,M,,0000*73
$GPRMC,093727,A,,,,,000.0,000.0,260837,,,A*4b
$GPGLL,,,,,093727,A,A*74
$GPVTG,000.0,000.0,000.0,A*3d
$GPGSA,A,3,01,07,08,011,030,,,,,,,,4.9,3.5,3.4,1*2e
$GPGSV,2,1,5,01,64,50,49,07,57,344,45,08,33,131,43,011,73,111,43,1*50
$GPGSV,2,2,5,030,65,277,42,1*55
$GPGGA,093728,,,,,0,5,3.5,,M,,M,,0000*7c
$GPRMC,093728,A,,,,,000.0,000.0,260837,,,A*44
$GPGLL,,,,,093728,A,A*7b
$GPVTG,000.0,000.0,000.0,A*3d
$GPGSA,A,3,01,07,08,011,030,,,,,,,,4.9,3.5,3.4,1*2e
$GPGSV,2,1,5,01,64,50,48,07,57,344,45,08,33,131,43,011,73,111,42,1*50
$GPGSV,2,2,5,030,65,277,43,1*54
$GPGGA,093728,,,,,0,5,3.5,,M,,M,,0000*7c
$GPRMC,093728,A,,,,,000.0,000.0,260837,,,A*44
$GPGLL,,,,,093728,A,A*7b
$GPVTG,000.0,000.0,000.0,A*3d
$GPGSA,A,3,01,07,08,011,030,,,,,,,,4.9,3.5,3.4,1*2e
$GPGSV,2,1,5,01,64,50,48,07,57,344,45,08,33,131,43,011,73,111,42,1*50
$GPGSV,2,2,5,030,65,277,43,1*54
$GPGGA,093729,,,,,0,5,3.5,,M,,M,,0000*7d
$GPRMC,093729,A,,,,,000.0,000.0,260837,,,A*45
$GPGLL,,,,,093729,A,A*7a
$GPVTG,000.0,000.0,000.0,A*3d
$GPGSA,A,3,01,07,08,011,030,,,,,,,,4.9,3.5,3.4,1*2e
$GPGSV,2,1,5,01,64,50,48,07,57,344,44,08,33,131,44,011,73,111,43,1*57
$GPGSV,2,2,5,030,65,277,44,1*53
$GPGGA,093729,,,,,0,5,3.5,,M,,M,,0000*7d
$GPRMC,093729,A,,,,,000.0,000.0,260837,,,A*45
$GPGLL,,,,,093729,A,A*7a
$GPVTG,000.0,000.0,000.0,A*3d
$GPGSA,A,3,01,07,08,011,030,,,,,,,,4.9,3.5,3.4,1*2e
$GPGSV,2,1,5,01,64,50,48,07,57,344,44,08,33,131,44,011,73,111,43,1*57
$GPGSV,2,2,5,030,65,277,44,1*53
$GPGGA,093730,,,,,0,5,3.5,,M,,M,,0000*75
$GPRMC,093730,A,,,,,000.0,000.0,260837,,,A*4d
$GPGLL,,,,,093730,A,A*72
$GPVTG,000.0,000.0,000.0,A*3d
$GPGSA,A,3,01,07,08,011,030,,,,,,,,4.9,3.5,3.4,1*2e
$GPGSV,2,1,5,01,64,50,48,07,57,344,45,08,33,131,46,011,73,111,44,1*53
$GPGSV,2,2,5,030,65,277,45,1*52
$GPGGA,093730,,,,,0,5,3.5,,M,,M,,0000*75
$GPRMC,093730,A,,,,,000.0,000.0,260837,,,A*4d
$GPGLL,,,,,093730,A,A*72
$GPVTG,000.0,000.0,000.0,A*3d
$GPGSA,A,3,01,07,08,011,030,,,,,,,,4.9,3.5,3.4,1*2e
$GPGSV,2,1,5,01,64,50,48,07,57,344,45,08,33,131,46,011,73,111,44,1*53
$GPGSV,2,2,5,030,65,277,45,1*52
$GPGGA,093731,,,,,0,5,3.5,,M,,M,,0000*74
$GPRMC,093731,A,,,,,000.0,000.0,260837,,,A*4c
$GPGLL,,,,,093731,A,A*73
$GPVTG,000.0,000.0,000.0,A*3d
$GPGSA,A,3,01,07,08,011,030,,,,,,,,4.9,3.5,3.4,1*2e
$GPGSV,2,1,5,01,64,50,49,07,57,344,45,08,33,131,45,011,73,111,43,1*56
$GPGSV,2,2,5,030,65,277,43,1*54
$GPGGA,093731,,,,,0,5,3.5,,M,,M,,0000*74
$GPRMC,093731,A,,,,,000.0,000.0,260837,,,A*4c
$GPGLL,,,,,093731,A,A*73
$GPVTG,000.0,000.0,000.0,A*3d
$GPGSA,A,3,01,07,08,011,030,,,,,,,,4.9,3.5,3.4,1*2e
$GPGSV,2,1,5,01,64,50,49,07,57,344,45,08,33,131,45,011,73,111,43,1*56
$GPGSV,2,2,5,030,65,277,43,1*54
$GPGGA,093732,,,,,0,5,3.5,,M,,M,,0000*77
$GPRMC,093732,A,,,,,000.0,000.0,260837,,,A*4f
$GPGLL,,,,,093732,A,A*70
$GPVTG,000.0,000.0,000.0,A*3d
$GPGSA,A,3,01,07,08,011,030,,,,,,,,4.9,3.5,3.4,1*2e
$GPGSV,2,1,5,01,64,50,48,07,57,344,45,08,33,131,42,011,73,111,43,1*50
$GPGSV,2,2,5,030,65,277,40,1*57
$GPGGA,093732,,,,,0,5,3.5,,M,,M,,0000*77
$GPRMC,093732,A,,,,,000.0,000.0,260837,,,A*4f
$GPGLL,,,,,093732,A,A*70
$GPVTG,000.0,000.0,000.0,A*3d
$GPGSA,A,3,01,07,08,011,030,,,,,,,,4.9,3.5,3.4,1*2e
$GPGSV,2,1,5,01,64,50,48,07,57,344,45,08,33,131,42,011,73,111,43,1*50
$GPGSV,2,2,5,030,65,277,40,1*57
$GPGGA,093733,,,,,0,5,3.5,,M,,M,,0000*76
$GPRMC,093733,A,,,,,000.0,000.0,260837,,,A*4e
$GPGLL,,,,,093733,A,A*71
$GPVTG,000.0,000.0,000.0,A*3d
$GPGSA,A,3,01,07,08,011,030,,,,,,,,4.9,3.5,3.4,1*2e
$GPGSV,2,1,5,01,64,50,48,07,57,345,45,08,33,131,43,011,73,111,43,1*50
$GPGSV,2,2,5,030,65,277,41,1*56
$GPGGA,093733,,,,,0,5,3.5,,M,,M,,0000*76
$GPRMC,093733,A,,,,,000.0,000.0,260837,,,A*4e
$GPGLL,,,,,093733,A,A*71
$GPVTG,000.0,000.0,000.0,A*3d
$GPGSA,A,3,01,07,08,011,030,,,,,,,,4.9,3.5,3.4,1*2e
$GPGSV,2,1,5,01,64,50,48,07,57,345,45,08,33,131,43,011,73,111,43,1*50
$GPGSV,2,2,5,030,65,277,41,1*56
$GPGGA,093734,,,,,0,5,3.5,,M,,M,,0000*71
$GPRMC,093734,A,,,,,000.0,000.0,260837,,,A*49
$GPGLL,,,,,093734,A,A*76
$GPVTG,000.0,000.0,000.0,A*3d
$GPGSA,A,3,01,07,08,011,030,,,,,,,,4.9,3.5,3.3,1*29
$GPGSV,2,1,5,01,64,50,48,07,57,345,45,08,33,131,44,011,73,111,42,1*56
$GPGSV,2,2,5,030,65,277,42,1*55
$GPGGA,093734,,,,,0,5,3.5,,M,,M,,0000*71
$GPRMC,093734,A,,,,,000.0,000.0,260837,,,A*49
$GPGLL,,,,,093734,A,A*76
$GPVTG,000.0,000.0,000.0,A*3d
$GPGSA,A,3,01,07,08,011,030,,,,,,,,4.9,3.5,3.3,1*29
$GPGSV,2,1,5,01,64,50,48,07,57,345,45,08,33,131,44,011,73,111,42,1*56
$GPGSV,2,2,5,030,65,277,42,1*55
$GPGGA,093735,,,,,0,5,3.5,,M,,M,,0000*70
$GPRMC,093735,A,,,,,000.0,000.0,260837,,,A*48
$GPGLL,,,,,093735,A,A*77
$GPVTG,000.0,000.0,000.0,A*3d
$GPGSA,A,3,01,07,08,011,030,,,,,,,,4.9,3.5,3.3,1*29
$GPGSV,2,1,5,01,64,50,47,07,57,345,45,08,33,131,45,011,73,111,42,1*58
$GPGSV,2,2,5,030,65,277,43,1*54
$GPGGA,093735,,,,,0,5,3.5,,M,,M,,0000*70
$GPRMC,093735,A,,,,,000.0,000.0,260837,,,A*48
$GPGLL,,,,,093735,A,A*77
$GPVTG,000.0,000.0,000.0,A*3d
$GPGSA,A,3,01,07,08,011,030,,,,,,,,4.9,3.5,3.3,1*29
$GPGSV,2,1,5,01,64,50,47,07,57,345,45,08,33,131,45,011,73,111,42,1*58
$GPGSV,2,2,5,030,65,277,43,1*54
$GPGGA,093736,,,,,0,5,3.5,,M,,M,,0000*73
$GPRMC,093736,A,,,,,000.0,000.0,260837,,,A*4b
$GPGLL,,,,,093736,A,A*74
$GPVTG,000.0,000.0,000.0,A*3d
$GPGSA,A,3,01,07,08,011,030,,,,,,,,4.9,3.5,3.3,1*29
$GPGSV,2,1,5,01,64,50,48,07,57,345,45,08,33,131,45,011,73,111,43,1*56
$GPGSV,2,2,5,030,65,277,45,1*52
$GPGGA,093736,,,,,0,5,3.5,,M,,M,,0000*73
$GPRMC,093736,A,,,,,000.0,000.0,260837,,,A*4b
$GPGLL,,,,,093736,A,A*74
$GPVTG,000.0,000.0,000.0,A*3d
$GPGSA,A,3,01,07,08,011,030,,,,,,,,4.9,3.5,3.3,1*29
$GPGSV,2,1,5,01,64,50,48,07,57,345,45,08,33,131,45,011,73,111,43,1*56
$GPGSV,2,2,5,030,65,277,45,1*52
$GPGGA,093737,,,,,0,5,3.5,,M,,M,,0000*72
$GPRMC,093737,A,,,,,000.0,000.0,260837,,,A*4a
$GPGLL,,,,,093737,A,A*75
$GPVTG,000.0,000.0,000.0,A*3d
$GPGSA,A,3,01,07,08,011,030,,,,,,,,4.9,3.5,3.3,1*29
$GPGSV,2,1,5,01,64,50,48,07,57,345,45,08,33,131,46,011,73,111,44,1*52
$GPGSV,2,2,5,030,65,277,46,1*51
$GPGGA,093737,,,,,0,5,3.5,,M,,M,,0000*72
$GPRMC,093737,A,,,,,000.0,000.0,260837,,,A*4a
$GPGLL,,,,,093737,A,A*75
$GPVTG,000.0,000.0,000.0,A*3d
$GPGSA,A,3,01,07,08,011,030,,,,,,,,4.9,3.5,3.3,1*29
$GPGSV,2,1,5,01,64,50,48,07,57,345,45,08,33,131,46,011,73,111,44,1*52
$GPGSV,2,2,5,030,65,277,46,1*51
$GPGGA,093738,,,,,0,5,3.5,,M,,M,,0000*7d
$GPRMC,093738,A,,,,,000.0,000.0,260837,,,A*45
$GPGLL,,,,,093738,A,A*7a
$GPVTG,000.0,000.0,000.0,A*3d
$GPGSA,A,3,01,07,08,011,030,,,,,,,,4.9,3.5,3.3,1*29
$GPGSV,2,1,5,01,64,50,48,07,57,345,45,08,33,131,44,011,73,111,44,1*50
$GPGSV,2,2,5,030,65,277,43,1*54
$GPGGA,093738,,,,,0,5,3.5,,M,,M,,0000*7d
$GPRMC,093738,A,,,,,000.0,000.0,260837,,,A*45
$GPGLL,,,,,093738,A,A*7a
$GPVTG,000.0,000.0,000.0,A*3d
$GPGSA,A,3,01,07,08,011,030,,,,,,,,4.9,3.5,3.3,1*29
$GPGSV,2,1,5,01,64,50,48,07,57,345,45,08,33,131,44,011,73,111,44,1*50
$GPGSV,2,2,5,030,65,277,43,1*54
$GPGGA,093739,,,,,0,5,3.5,,M,,M,,0000*7c
$GPRMC,093739,A,,,,,000.0,000.0,260837,,,A*44
$GPGLL,,,,,093739,A,A*7b
$GPVTG,000.0,000.0,000.0,A*3d
$GPGSA,A,3,01,07,08,011,030,,,,,,,,4.9,3.5,3.3,1*29
$GPGSV,2,1,5,01,64,50,47,07,57,345,46,08,33,131,44,011,73,111,44,1*5c
$GPGSV,2,2,5,030,65,277,44,1*53
$GPGGA,093739,,,,,0,5,3.5,,M,,M,,0000*7c
$GPRMC,093739,A,,,,,000.0,000.0,260837,,,A*44
$GPGLL,,,,,093739,A,A*7b
$GPVTG,000.0,000.0,000.0,A*3d
$GPGSA,A,3,01,07,08,011,030,,,,,,,,4.9,3.5,3.3,1*29
$GPGSV,2,1,5,01,64,50,47,07,57,345,46,08,33,131,44,011,73,111,44,1*5c
$GPGSV,2,2,5,030,65,277,44,1*53
$GPGGA,093740,,,,,0,5,3.5,,M,,M,,0000*72
$GPRMC,093740,A,,,,,000.0,000.0,260837,,,A*4a
$GPGLL,,,,,093740,A,A*75
$GPVTG,000.0,000.0,000.0,A*3d
$GPGSA,A,3,01,07,08,011,030,,,,,,,,4.9,3.5,3.3,1*29
$GPGSV,2,1,5,01,64,50,47,07,57,345,46,08,33,131,44,011,73,111,44,1*5c
$GPGSV,2,2,5,030,65,277,44,1*53
$GPGGA,093740,,,,,0,5,3.5,,M,,M,,0000*72
$GPRMC,093740,A,,,,,000.0,000.0,260837,,,A*4a
$GPGLL,,,,,093740,A,A*75
$GPVTG,000.0,000.0,000.0,A*3d
$GPGSA,A,3,01,07,08,011,030,,,,,,,,4.9,3.5,3.3,1*29
$GPGSV,2,1,5,01,64,50,47,07,57,345,46,08,33,131,44,011,73,111,44,1*5c
$GPGSV,2,2,5,030,65,277,44,1*53
$GPGGA,093741,,,,,0,5,3.5,,M,,M,,0000*73
$GPRMC,093741,A,,,,,000.0,000.0,260837,,,A*4b
$GPGLL,,,,,093741,A,A*74
$GPVTG,000.0,000.0,000.0,A*3d
$GPGSA,A,3,01,07,08,011,030,,,,,,,,4.9,3.5,3.3,1*29
$GPGSV,2,1,5,01,64,50,47,07,57,345,46,08,33,131,44,011,73,111,43,1*5b
$GPGSV,2,2,5,030,65,277,44,1*53
$GPGGA,093741,,,,,0,5,3.5,,M,,M,,0000*73
$GPRMC,093741,A,,,,,000.0,000.0,260837,,,A*4b
$GPGLL,,,,,093741,A,A*74
$GPVTG,000.0,000.0,000.0,A*3d
$GPGSA,A,3,01,07,08,011,030,,,,,,,,4.9,3.5,3.3,1*29
$GPGSV,2,1,5,01,64,50,47,07,57,345,46,08,33,131,44,011,73,111,43,1*5b
$GPGSV,2,2,5,030,65,277,44,1*53
$GPGGA,093742,,,,,0,5,3.5,,M,,M,,0000*70
$GPRMC,093742,A,,,,,000.0,000.0,260837,,,A*48
$GPGLL,,,,,093742,A,A*77
$GPVTG,000.0,000.0,000.0,A*3d
$GPGSA,A,3,01,07,08,011,030,,,,,,,,4.9,3.5,3.3,1*29
$GPGSV,2,1,5,01,64,50,48,07,57,345,46,08,33,131,47,011,73,111,44,1*50
$GPGSV,2,2,5,030,65,277,44,1*53
$GPGGA,093742,,,,,0,5,3.5,,M,,M,,0000*70
$GPRMC,093742,A,,,,,000.0,000.0,260837,,,A*48
$GPGLL,,,,,093742,A,A*77
$GPVTG,000.0,000.0,000.0,A*3d
$GPGSA,A,3,01,07,08,011,030,,,,,,,,4.9,3.5,3.3,1*29
$GPGSV,2,1,5,01,64,50,48,07,57,345,46,08,33,131,47,011,73,111,44,1*50
$GPGSV,2,2,5,030,65,277,44,1*53
$GPGGA,093743,,,,,0,5,3.5,,M,,M,,0000*71
$GPRMC,093743,A,,,,,000.0,000.0,260837,,,A*49
$GPGLL,,,,,093743,A,A*76
$GPVTG,000.0,000.0,000.0,A*3d
$GPGSA,A,3,01,07,08,011,030,,,,,,,,4.9,3.5,3.3,1*29
$GPGSV,2,1,5,01,64,50,47,07,57,345,46,08,33,131,45,011,73,111,42,1*5b
$GPGSV,2,2,5,030,65,277,44,1*53
$GPGGA,093743,,,,,0,5,3.5,,M,,M,,0000*71
$GPRMC,093743,A,,,,,000.0,000.0,260837,,,A*49
$GPGLL,,,,,093743,A,A*76
$GPVTG,000.0,000.0,000.0,A*3d
$GPGSA,A,3,01,07,08,011,030,,,,,,,,4.9,3.5,3.3,1*29
$GPGSV,2,1,5,01,64,50,47,07,57,345,46,08,33,131,45,011,73,111,42,1*5b
$GPGSV,2,2,5,030,65,277,44,1*53
$GPGGA,093744,,,,,0,5,3.5,,M,,M,,0000*76
$GPRMC,093744,A,,,,,000.0,000.0,260837,,,A*4e
$GPGLL,,,,,093744,A,A*71
$GPVTG,000.0,000.0,000.0,A*3d
$GPGSA,A,3,01,07,08,011,030,,,,,,,,4.9,3.5,3.3,1*29
$GPGSV,2,1,5,01,64,50,48,07,57,345,47,08,33,131,43,011,73,111,43,1*52
$GPGSV,2,2,5,030,65,277,44,1*53
$GPGGA,093744,,,,,0,5,3.5,,M,,M,,0000*76
$GPRMC,093744,A,,,,,000.0,000.0,260837,,,A*4e
$GPGLL,,,,,093744,A,A*71
$GPVTG,000.0,000.0,000.0,A*3d
$GPGSA,A,3,01,07,08,011,030,,,,,,,,4.9,3.5,3.3,1*29
$GPGSV,2,1,5,01,64,50,48,07,57,345,47,08,33,131,43,011,73,111,43,1*52
$GPGSV,2,2,5,030,65,277,44,1*53
$GPGGA,093745,,,,,0,5,3.5,,M,,M,,0000*77
$GPRMC,093745,A,,,,,000.0,000.0,260837,,,A*4f
$GPGLL,,,,,093745,A,A*70
$GPVTG,000.0,000.0,000.0,A*3d
$GPGSA,A,3,01,07,08,011,030,,,,,,,,4.9,3.5,3.3,1*29
$GPGSV,2,1,5,01,64,50,48,07,57,345,47,08,33,131,44,011,73,111,42,1*54
$GPGSV,2,2,5,030,65,277,44,1*53
$GPGGA,093745,,,,,0,5,3.5,,M,,M,,0000*77
$GPRMC,093745,A,,,,,000.0,000.0,260837,,,A*4f
$GPGLL,,,,,093745,A,A*70
$GPVTG,000.0,000.0,000.0,A*3d
$GPGSA,A,3,01,07,08,011,030,,,,,,,,4.9,3.5,3.3,1*29
$GPGSV,2,1,5,01,64,50,48,07,57,345,47,08,33,131,44,011,73,111,42,1*54
$GPGSV,2,2,5,030,65,277,44,1*53
$GPGGA,093746,,,,,0,5,3.5,,M,,M,,0000*74
$GPRMC,093746,A,,,,,000.0,000.0,260837,,,A*4c
$GPGLL,,,,,093746,A,A*73
$GPVTG,000.0,000.0,000.0,A*3d
$GPGSA,A,3,01,07,08,011,030,,,,,,,,4.9,3.5,3.3,1*29
$GPGSV,2,1,5,01,64,51,48,07,57,345,46,08,33,131,44,011,73,111,41,1*57
$GPGSV,2,2,5,030,65,277,44,1*53
$GPGGA,093746,,,,,0,5,3.5,,M,,M,,0000*74
$GPRMC,093746,A,,,,,000.0,000.0,260837,,,A*4c
$GPGLL,,,,,093746,A,A*73
$GPVTG,000.0,000.0,000.0,A*3d
$GPGSA,A,3,01,07,08,011,030,,,,,,,,4.9,3.5,3.3,1*29
$GPGSV,2,1,5,01,64,51,48,07,57,345,46,08,33,131,44,011,73,111,41,1*57
$GPGSV,2,2,5,030,65,277,44,1*53
$GPGGA,093747,,,,,0,5,3.5,,M,,M,,0000*75
$GPRMC,093747,A,,,,,000.0,000.0,260837,,,A*4d
$GPGLL,,,,,093747,A,A*72
$GPVTG,000.0,000.0,000.0,A*3d
$GPGSA,A,3,01,07,08,011,030,,,,,,,,4.8,3.5,3.3,1*28
$GPGSV,2,1,5,01,64,51,48,07,57,345,46,08,33,131,44,011,73,111,39,1*58
$GPGSV,2,2,5,030,65,277,44,1*53
$GPGGA,093747,,,,,0,5,3.5,,M,,M,,0000*75
$GPRMC,093747,A,,,,,000.0,000.0,260837,,,A*4d
$GPGLL,,,,,093747,A,A*72
$GPVTG,000.0,000.0,000.0,A*3d
$GPGSA,A,3,01,07,08,011,030,,,,,,,,4.8,3.5,3.3,1*28
$GPGSV,2,1,5,01,64,51,48,07,57,345,46,08,33,131,44,011,73,111,39,1*58
$GPGSV,2,2,5,030,65,277,44,1*53
$GPGGA,093748,,,,,0,5,3.5,,M,,M,,0000*7a
$GPRMC,093748,A,,,,,000.0,000.0,260837,,,A*42
$GPGLL,,,,,093748,A,A*7d
$GPVTG,000.0,000.0,000.0,A*3d
$GPGSA,A,3,01,07,08,011,030,,,,,,,,4.8,3.5,3.3,1*28
$GPGSV,2,1,5,01,64,51,48,07,57,345,47,08,33,131,44,011,73,111,40,1*57
$GPGSV,2,2,5,030,65,277,44,1*53
$GPGGA,093748,,,,,0,5,3.5,,M,,M,,0000*7a
$GPRMC,093748,A,,,,,000.0,000.0,260837,,,A*42
$GPGLL,,,,,093748,A,A*7d
$GPVTG,000.0,000.0,000.0,A*3d
$GPGSA,A,3,01,07,08,011,030,,,,,,,,4.8,3.5,3.3,1*28
$GPGSV,2,1,5,01,64,51,48,07,57,345,47,08,33,131,44,011,73,111,40,1*57
$GPGSV,2,2,5,030,65,277,44,1*53
$GPGGA,093749,,,,,0,5,3.5,,M,,M,,0000*7b
$GPRMC,093749,A,,,,,000.0,000.0,260837,,,A*43
$GPGLL,,,,,093749,A,A*7c
$GPVTG,000.0,000.0,000.0,A*3d
$GPGSA,A,3,01,07,08,011,030,,,,,,,,4.8,3.5,3.3,1*28
$GPGSV,2,1,5,01,64,51,48,07,57,345,47,08,33,131,44,011,73,111,39,1*59
$GPGSV,2,2,5,030,65,277,44,1*53
$GPGGA,093749,,,,,0,5,3.5,,M,,M,,0000*7b
$GPRMC,093749,A,,,,,000.0,000.0,260837,,,A*43
$GPGLL,,,,,093749,A,A*7c
$GPVTG,000.0,000.0,000.0,A*3d
$GPGSA,A,3,01,07,08,011,030,,,,,,,,4.8,3.5,3.3,1*28
$GPGSV,2,1,5,01,64,51,48,07,57,345,47,08,33,131,44,011,73,111,39,1*59
$GPGSV,2,2,5,030,65,277,44,1*53
$GPGGA,093750,,,,,0,5,3.5,,M,,M,,0000*73
$GPRMC,093750,A,,,,,000.0,000.0,260837,,,A*4b
$GPGLL,,,,,093750,A,A*74
$GPVTG,000.0,000.0,000.0,A*3d
$GPGSA,A,3,01,07,08,011,030,,,,,,,,4.8,3.5,3.3,1*28
$GPGSV,2,1,5,01,64,51,49,07,57,345,46,08,33,131,43,011,73,111,39,1*5e
$GPGSV,2,2,5,030,65,277,43,1*54
$GPGGA,093750,,,,,0,5,3.5,,M,,M,,0000*73
$GPRMC,093750,A,,,,,000.0,000.0,260837,,,A*4b
$GPGLL,,,,,093750,A,A*74
$GPVTG,000.0,000.0,000.0,A*3d
$GPGSA,A,3,01,07,08,011,030,,,,,,,,4.8,3.5,3.3,1*28
$GPGSV,2,1,5,01,64,51,49,07,57,345,46,08,33,131,43,011,73,111,39,1*5e
$GPGSV,2,2,5,030,65,277,43,1*54
$GPGGA,093751,,,,,0,5,3.5,,M,,M,,0000*72
$GPRMC,093751,A,,,,,000.0,000.0,260837,,,A*4a
$GPGLL,,,,,093751,A,A*75
$GPVTG,000.0,000.0,000.0,A*3d
$GPGSA,A,3,01,07,08,011,030,,,,,,,,4.8,3.5,3.3,1*28
$GPGSV,2,1,5,01,64,51,49,07,57,345,46,08,33,131,44,011,73,111,42,1*55
$GPGSV,2,2,5,030,65,277,43,1*54
$GPGGA,093751,,,,,0,5,3.5,,M,,M,,0000*72
$GPRMC,093751,A,,,,,000.0,000.0,260837,,,A*4a
$GPGLL,,,,,093751,A,A*75
$GPVTG,000.0,000.0,000.0,A*3d
$GPGSA,A,3,01,07,08,011,030,,,,,,,,4.8,3.5,3.3,1*28
$GPGSV,2,1,5,01,64,51,49,07,57,345,46,08,33,131,44,011,73,111,42,1*55
$GPGSV,2,2,5,030,65,277,43,1*54
$GPGGA,093752,,,,,0,5,3.5,,M,,M,,0000*71
$GPRMC,093752,A,,,,,000.0,000.0,260837,,,A*49
$GPGLL,,,,,093752,A,A*76
$GPVTG,000.0,000.0,000.0,A*3d
$GPGSA,A,3,01,07,08,011,030,,,,,,,,4.8,3.5,3.3,1*28
$GPGSV,2,1,5,01,64,51,48,07,57,345,47,08,33,131,43,011,73,111,43,1*53
$GPGSV,2,2,5,030,65,277,45,1*52
$GPGGA,093752,,,,,0,5,3.5,,M,,M,,0000*71
$GPRMC,093752,A,,,,,000.0,000.0,260837,,,A*49
$GPGLL,,,,,093752,A,A*76
$GPVTG,000.0,000.0,000.0,A*3d
$GPGSA,A,3,01,07,08,011,030,,,,,,,,4.8,3.5,3.3,1*28
$GPGSV,2,1,5,01,64,51,48,07,57,345,47,08,33,131,43,011,73,111,43,1*53
$GPGSV,2,2,5,030,65,277,45,1*52
$GPGGA,093753,,,,,0,5,3.5,,M,,M,,0000*70
$GPRMC,093753,A,,,,,000.0,000.0,260837,,,A*48
$GPGLL,,,,,093753,A,A*77
$GPVTG,000.0,000.0,000.0,A*3d
$GPGSA,A,3,01,07,08,011,030,,,,,,,,4.8,3.5,3.3,1*28
$GPGSV,2,1,5,01,64,51,48,07,57,345,48,08,33,131,43,011,73,111,41,1*5e
$GPGSV,2,2,5,030,65,277,44,1*53
$GPGGA,093753,,,,,0,5,3.5,,M,,M,,0000*70
$GPRMC,093753,A,,,,,000.0,000.0,260837,,,A*48
$GPGLL,,,,,093753,A,A*77
$GPVTG,000.0,000.0,000.0,A*3d
$GPGSA,A,3,01,07,08,011,030,,,,,,,,4.8,3.5,3.3,1*28
$GPGSV,2,1,5,01,64,51,48,07,57,345,48,08,33,131,43,011,73,111,41,1*5e
$GPGSV,2,2,5,030,65,277,44,1*53
$GPGGA,093754,,,,,0,5,3.5,,M,,M,,0000*77
$GPRMC,093754,A,,,,,000.0,000.0,260837,,,A*4f
$GPGLL,,,,,093754,A,A*70
$GPVTG,000.0,000.0,000.0,A*3d
$GPGSA,A,3,01,07,08,011,030,,,,,,,,4.8,3.5,3.3,1*28
$GPGSV,2,1,5,01,64,51,49,07,57,345,48,08,33,131,44,011,73,111,40,1*59
$GPGSV,2,2,5,030,65,277,43,1*54
$GPGGA,093754,,,,,0,5,3.5,,M,,M,,0000*77
$GPRMC,093754,A,,,,,000.0,000.0,260837,,,A*4f
$GPGLL,,,,,093754,A,A*70
$GPVTG,000.0,000.0,000.0,A*3d
$GPGSA,A,3,01,07,08,011,030,,,,,,,,4.8,3.5,3.3,1*28
$GPGSV,2,1,5,01,64,51,49,07,57,345,48,08,33,131,44,011,73,111,40,1*59
$GPGSV,2,2,5,030,65,277,43,1*54
$GPGGA,093755,,,,,0,5,3.5,,M,,M,,0000*76
$GPRMC,093755,A,,,,,000.0,000.0,260837,,,A*4e
$GPGLL,,,,,093755,A,A*71
$GPVTG,000.0,000.0,000.0,A*3d
$GPGSA,A,3,01,07,08,011,030,,,,,,,,4.8,3.5,3.3,1*28
$GPGSV,2,1,5,01,64,51,49,07,57,345,48,08,33,131,44,011,73,111,39,1*57
$GPGSV,2,2,5,030,65,277,44,1*53
$GPGGA,093755,,,,,0,5,3.5,,M,,M,,0000*76
$GPRMC,093755,A,,,,,000.0,000.0,260837,,,A*4e
$GPGLL,,,,,093755,A,A*71
$GPVTG,000.0,000.0,000.0,A*3d
$GPGSA,A,3,01,07,08,011,030,,,,,,,,4.8,3.5,3.3,1*28
$GPGSV,2,1,5,01,64,51,49,07,57,345,48,08,33,131,44,011,73,111,39,1*57
$GPGSV,2,2,5,030,65,277,44,1*53
$GPGGA,093756,,,,,0,5,3.5,,M,,M,,0000*75
$GPRMC,093756,A,,,,,000.0,000.0,260837,,,A*4d
$GPGLL,,,,,093756,A,A*72
$GPVTG,000.0,000.0,000.0,A*3d
$GPGSA,A,3,01,07,08,011,030,,,,,,,,4.8,3.5,3.3,1*28
$GPGSV,2,1,5,01,64,51,48,07,57,345,47,08,33,131,44,011,73,111,40,1*57
$GPGSV,2,2,5,030,65,277,45,1*52
$GPGGA,093756,,,,,0,5,3.5,,M,,M,,0000*75
$GPRMC,093756,A,,,,,000.0,000.0,260837,,,A*4d
$GPGLL,,,,,093756,A,A*72
$GPVTG,000.0,000.0,000.0,A*3d
$GPGSA,A,3,01,07,08,011,030,,,,,,,,4.8,3.5,3.3,1*28
$GPGSV,2,1,5,01,64,51,48,07,57,345,47,08,33,131,44,011,73,111,40,1*57
$GPGSV,2,2,5,030,65,277,45,1*52
$GPGGA,093757,,,,,0,5,3.5,,M,,M,,0000*74
$GPRMC,093757,A,,,,,000.0,000.0,260837,,,A*4c
$GPGLL,,,,,093757,A,A*73
$GPVTG,000.0,000.0,000.0,A*3d
$GPGSA,A,3,01,07,08,011,030,,,,,,,,4.8,3.5,3.3,1*28
$GPGSV,2,1,5,01,64,51,48,07,57,345,47,08,33,131,45,011,73,111,40,1*56
$GPGSV,2,2,5,030,65,277,45,1*52
$GPGGA,093757,,,,,0,5,3.5,,M,,M,,0000*74
$GPRMC,093757,A,,,,,000.0,000.0,260837,,,A*4c
$GPGLL,,,,,093757,A,A*73
$GPVTG,000.0,000.0,000.0,A*3d
$GPGSA,A,3,01,07,08,011,030,,,,,,,,4.8,3.5,3.3,1*28
$GPGSV,2,1,5,01,64,51,48,07,57,345,47,08,33,131,45,011,73,111,40,1*56
$GPGSV,2,2,5,030,65,277,45,1*52
$GPGGA,093758,,,,,0,5,3.5,,M,,M,,0000*7b
$GPRMC,093758,A,,,,,000.0,000.0,260837,,,A*43
$GPGLL,,,,,093758,A,A*7c
$GPVTG,000.0,000.0,000.0,A*3d
$GPGSA,A,3,01,07,08,011,030,,,,,,,,4.8,3.5,3.3,1*28
$GPGSV,2,1,5,01,64,51,48,07,57,345,48,08,33,131,44,011,73,111,39,1*56
$GPGSV,2,2,5,030,65,277,43,1*54
$GPGGA,093758,,,,,0,5,3.5,,M,,M,,0000*7b
$GPRMC,093758,A,,,,,000.0,000.0,260837,,,A*43
$GPGLL,,,,,093758,A,A*7c
$GPVTG,000.0,000.0,000.0,A*3d
$GPGSA,A,3,01,07,08,011,030,,,,,,,,4.8,3.5,3.3,1*28
$GPGSV,2,1,5,01,64,51,48,07,57,345,48,08,33,131,44,011,73,111,39,1*56
$GPGSV,2,2,5,030,65,277,43,1*54
$GPGGA,093759,,,,,0,5,3.5,,M,,M,,0000*7a
$GPRMC,093759,A,,,,,000.0,000.0,260837,,,A*42
$GPGLL,,,,,093759,A,A*7d
$GPVTG,000.0,000.0,000.0,A*3d
$GPGSA,A,3,01,07,08,011,030,,,,,,,,4.8,3.5,3.3,1*28
$GPGSV,2,1,5,01,64,51,48,07,57,345,48,08,33,131,44,011,73,111,38,1*57
$GPGSV,2,2,5,030,65,277,41,1*56
$GPGGA,093759,,,,,0,5,3.5,,M,,M,,0000*7a
$GPRMC,093759,A,,,,,000.0,000.0,260837,,,A*42
$GPGLL,,,,,093759,A,A*7d
$GPVTG,000.0,000.0,000.0,A*3d
$GPGSA,A,3,01,07,08,011,030,,,,,,,,4.8,3.5,3.3,1*28
$GPGSV,2,1,5,01,64,51,48,07,57,345,48,08,33,131,44,011,73,111,38,1*57
$GPGSV,2,2,5,030,65,277,41,1*56
$GPGGA,093800,,,,,0,5,3.5,,M,,M,,0000*79
$GPRMC,093800,A,,,,,000.0,000.0,260837,,,A*41
$GPGLL,,,,,093800,A,A*7e
$GPVTG,000.0,000.0,000.0,A*3d
$GPGSA,A,3,01,07,08,011,030,,,,,,,,4.8,3.5,3.3,1*28
$GPGSV,2,1,5,01,64,51,49,07,57,345,48,08,33,131,44,011,73,111,41,1*58
$GPGSV,2,2,5,030,65,277,43,1*54
$GPGGA,093800,,,,,0,5,3.5,,M,,M,,0000*79
$GPRMC,093800,A,,,,,000.0,000.0,260837,,,A*41
$GPGLL,,,,,093800,A,A*7e
$GPVTG,000.0,000.0,000.0,A*3d
$GPGSA,A,3,01,07,08,011,030,,,,,,,,4.8,3.5,3.3,1*28
$GPGSV,2,1,5,01,64,51,49,07,57,345,48,08,33,131,44,011,73,111,41,1*58
$GPGSV,2,2,5,030,65,277,43,1*54
$GPGGA,093801,,,,,0,5,3.5,,M,,M,,0000*78
$GPRMC,093801,A,,,,,000.0,000.0,260837,,,A*40
$GPGLL,,,,,093801,A,A*7f
$GPVTG,000.0,000.0,000.0,A*3d
$GPGSA,A,3,01,07,08,011,030,,,,,,,,4.8,3.5,3.3,1*28
$GPGSV,2,1,5,01,64,51,49,07,57,345,48,08,33,131,45,011,73,111,42,1*5a
$GPGSV,2,2,5,030,65,277,44,1*53
$GPGGA,093801,,,,,0,5,3.5,,M,,M,,0000*78
$GPRMC,093801,A,,,,,000.0,000.0,260837,,,A*40
$GPGLL,,,,,093801,A,A*7f
$GPVTG,000.0,000.0,000.0,A*3d
$GPGSA,A,3,01,07,08,011,030,,,,,,,,4.8,3.5,3.3,1*28
$GPGSV,2,1,5,01,64,51,49,07,57,345,48,08,33,131,45,011,73,111,42,1*5a
$GPGSV,2,2,5,030,65,277,44,1*53
$GPGGA,093802,,,,,0,5,3.5,,M,,M,,0000*7b
$GPRMC,093802,A,,,,,000.0,000.0,260837,,,A*43
$GPGLL,,,,,093802,A,A*7c
$GPVTG,000.0,000.0,000.0,A*3d
$GPGSA,A,3,01,07,08,011,030,,,,,,,,4.8,3.5,3.3,1*28
$GPGSV,2,1,5,01,64,51,48,07,57,345,45,08,33,131,45,011,73,111,41,1*55
$GPGSV,2,2,5,030,65,277,45,1*52
$GPGGA,093802,,,,,0,5,3.5,,M,,M,,0000*7b
$GPRMC,093802,A,,,,,000.0,000.0,260837,,,A*43
$GPGLL,,,,,093802,A,A*7c
$GPVTG,000.0,000.0,000.0,A*3d
$GPGSA,A,3,01,07,08,011,030,,,,,,,,4.8,3.5,3.3,1*28
$GPGSV,2,1,5,01,64,51,48,07,57,345,45,08,33,131,45,011,73,111,41,1*55
$GPGSV,2,2,5,030,65,277,45,1*52
$GPGGA,093803,,,,,0,5,3.5,,M,,M,,0000*7a
$GPRMC,093803,A,,,,,000.0,000.0,260837,,,A*42
$GPGLL,,,,,093803,A,A*7d
$GPVTG,000.0,000.0,000.0,A*3d
$GPGSA,A,3,01,07,08,011,030,,,,,,,,4.8,3.5,3.3,1*28
$GPGSV,2,1,5,01,64,51,48,07,57,345,46,08,33,131,45,011,73,111,41,1*56
$GPGSV,2,2,5,030,65,277,45,1*52
$GPGGA,093803,,,,,0,5,3.5,,M,,M,,0000*7a
$GPRMC,093803,A,,,,,000.0,000.0,260837,,,A*42
$GPGLL,,,,,093803,A,A*7d
$GPVTG,000.0,000.0,000.0,A*3d
$GPGSA,A,3,01,07,08,011,030,,,,,,,,4.8,3.5,3.3,1*28
$GPGSV,2,1,5,01,64,51,48,07,57,345,46,08,33,131,45,011,73,111,41,1*56
$GPGSV,2,2,5,030,65,277,45,1*52
$GPGGA,093804,,,,,0,5,3.5,,M,,M,,0000*7d
$GPRMC,093804,A,,,,,000.0,000.0,260837,,,A*45
$GPGLL,,,,,093804,A,A*7a
$GPVTG,000.0,000.0,000.0,A*3d
$GPGSA,A,3,01,07,08,011,030,,,,,,,,4.8,3.5,3.3,1*28
$GPGSV,2,1,5,01,64,51,48,07,57,345,47,08,33,131,45,011,73,111,42,1*54
$GPGSV,2,2,5,030,65,278,44,1*5c
$GPGGA,093804,,,,,0,5,3.5,,M,,M,,0000*7d
$GPRMC,093804,A,,,,,000.0,000.0,260837,,,A*45
$GPGLL,,,,,093804,A,A*7a
$GPVTG,000.0,000.0,000.0,A*3d
$GPGSA,A,3,01,07,08,011,030,,,,,,,,4.8,3.5,3.3,1*28
$GPGSV,2,1,5,01,64,51,48,07,57,345,47,08,33,131,45,011,73,111,42,1*54
$GPGSV,2,2,5,030,65,278,44,1*5c
$GPGGA,093805,,,,,0,5,3.5,,M,,M,,0000*7c
$GPRMC,093805,A,,,,,000.0,000.0,260837,,,A*44
$GPGLL,,,,,093805,A,A*7b
$GPVTG,000.0,000.0,000.0,A*3d
$GPGSA,A,3,01,07,08,011,030,,,,,,,,4.8,3.5,3.3,1*28
$GPGSV,2,1,5,01,64,51,48,07,57,345,46,08,33,131,44,011,73,111,41,1*57
$GPGSV,2,2,5,030,65,278,44,1*5c
$GPGGA,093805,,,,,0,5,3.5,,M,,M,,0000*7c
$GPRMC,093805,A,,,,,000.0,000.0,260837,,,A*44
$GPGLL,,,,,093805,A,A*7b
$GPVTG,000.0,000.0,000.0,A*3d
$GPGSA,A,3,01,07,08,011,030,,,,,,,,4.8,3.5,3.3,1*28
$GPGSV,2,1,5,01,64,51,48,07,57,345,46,08,33,131,44,011,73,111,41,1*57
$GPGSV,2,2,5,030,65,278,44,1*5c
$GPGGA,093806,,,,,0,5,3.5,,M,,M,,0000*7f
$GPRMC,093806,A,,,,,000.0,000.0,260837,,,A*47
$GPGLL,,,,,093806,A,A*78
$GPVTG,000.0,000.0,000.0,A*3d
$GPGSA,A,3,01,07,08,011,030,,,,,,,,4.8,3.5,3.3,1*28
$GPGSV,2,1,5,01,64,51,48,07,57,345,46,08,33,131,44,011,73,111,42,1*54
$GPGSV,2,2,5,030,65,278,45,1*5d
$GPGGA,093806,,,,,0,5,3.5,,M,,M,,0000*7f
$GPRMC,093806,A,,,,,000.0,000.0,260837,,,A*47
$GPGLL,,,,,093806,A,A*78
$GPVTG,000.0,000.0,000.0,A*3d
$GPGSA,A,3,01,07,08,011,030,,,,,,,,4.8,3.5,3.3,1*28
$GPGSV,2,1,5,01,64,51,48,07,57,345,46,08,33,131,44,011,73,111,42,1*54
$GPGSV,2,2,5,030,65,278,45,1*5d
$GPGGA,093807,,,,,0,5,3.5,,M,,M,,0000*7e
$GPRMC,093807,A,,,,,000.0,000.0,260837,,,A*46
$GPGLL,,,,,093807,A,A*79
$GPVTG,000.0,000.0,000.0,A*3d
$GPGSA,A,3,01,07,08,011,030,,,,,,,,4.8,3.5,3.3,1*28
$GPGSV,2,1,5,01,64,51,48,07,57,345,46,08,33,131,43,011,73,111,42,1*53
$GPGSV,2,2,5,030,65,278,45,1*5d
$GPGGA,093807,,,,,0,5,3.5,,M,,M,,0000*7e
$GPRMC,093807,A,,,,,000.0,000.0,260837,,,A*46
$GPGLL,,,,,093807,A,A*79
$GPVTG,000.0,000.0,000.0,A*3d
$GPGSA,A,3,01,07,08,011,030,,,,,,,,4.8,3.5,3.3,1*28
$GPGSV,2,1,5,01,64,51,48,07,57,345,46,08,33,131,43,011,73,111,42,1*53
$GPGSV,2,2,5,030,65,278,45,1*5d
$GPGGA,093808,,,,,0,5,3.5,,M,,M,,0000*71
$GPRMC,093808,A,,,,,000.0,000.0,260837,,,A*49
$GPGLL,,,,,093808,A,A*76
$GPVTG,000.0,000.0,000.0,A*3d
$GPGSA,A,3,01,07,08,011,030,,,,,,,,4.8,3.5,3.3,1*28
$GPGSV,2,1,5,01,64,51,48,07,57,345,45,08,33,131,41,011,73,111,41,1*51
$GPGSV,2,2,5,030,65,278,42,1*5a
$GPGGA,093808,,,,,0,5,3.5,,M,,M,,0000*71
$GPRMC,093808,A,,,,,000.0,000.0,260837,,,A*49
$GPGLL,,,,,093808,A,A*76
$GPVTG,000.0,000.0,000.0,A*3d
$GPGSA,A,3,01,07,08,011,030,,,,,,,,4.8,3.5,3.3,1*28
$GPGSV,2,1,5,01,64,51,48,07,57,345,45,08,33,131,41,011,73,111,41,1*51
$GPGSV,2,2,5,030,65,278,42,1*5a
$GPGGA,093809,,,,,0,5,3.5,,M,,M,,0000*70
$GPRMC,093809,A,,,,,000.0,000.0,260837,,,A*48
$GPGLL,,,,,093809,A,A*77
$GPVTG,000.0,000.0,000.0,A*3d
$GPGSA,A,3,01,07,08,011,030,,,,,,,,4.8,3.5,3.3,1*28
$GPGSV,2,1,5,01,64,51,48,07,57,345,46,08,33,131,43,011,73,111,42,1*53
$GPGSV,2,2,5,030,65,278,43,1*5b
$GPGGA,093809,,,,,0,5,3.5,,M,,M,,0000*70
$GPRMC,093809,A,,,,,000.0,000.0,260837,,,A*48
$GPGLL,,,,,093809,A,A*77
$GPVTG,000.0,000.0,000.0,A*3d
$GPGSA,A,3,01,07,08,011,030,,,,,,,,4.8,3.5,3.3,1*28
$GPGSV,2,1,5,01,64,51,48,07,57,345,46,08,33,131,43,011,73,111,42,1*53
$GPGSV,2,2,5,030,65,278,43,1*5b
$GPGGA,093810,,,,,0,5,3.5,,M,,M,,0000*78
$GPRMC,093810,A,,,,,000.0,000.0,260837,,,A*40
$GPGLL,,,,,093810,A,A*7f
$GPVTG,000.0,000.0,000.0,A*3d
$GPGSA,A,3,01,07,08,011,030,,,,,,,,4.8,3.5,3.3,1*28
$GPGSV,2,1,5,01,64,51,48,07,57,345,46,08,33,130,42,011,73,111,43,1*52
$GPGSV,2,2,5,030,65,278,43,1*5b
$GPGGA,093810,,,,,0,5,3.5,,M,,M,,0000*78
$GPRMC,093810,A,,,,,000.0,000.0,260837,,,A*40
$GPGLL,,,,,093810,A,A*7f
$GPVTG,000.0,000.0,000.0,A*3d
$GPGSA,A,3,01,07,08,011,030,,,,,,,,4.8,3.5,3.3,1*28
$GPGSV,2,1,5,01,64,51,48,07,57,345,46,08,33,130,42,011,73,111,43,1*52
$GPGSV,2,2,5,030,65,278,43,1*5b
$GPGGA,093811,,,,,0,5,3.5,,M,,M,,0000*79
$GPRMC,093811,A,,,,,000.0,000.0,260837,,,A*41
$GPGLL,,,,,093811,A,A*7e
$GPVTG,000.0,000.0,000.0,A*3d
$GPGSA,A,3,01,07,08,011,030,,,,,,,,4.8,3.5,3.3,1*28
$GPGSV,2,1,5,01,64,51,48,07,57,345,46,08,32,130,44,011,73,111,42,1*54
$GPGSV,2,2,5,030,65,278,43,1*5b
$GPGGA,093811,,,,,0,5,3.5,,M,,M,,0000*79
$GPRMC,093811,A,,,,,000.0,000.0,260837,,,A*41
$GPGLL,,,,,093811,A,A*7e
$GPVTG,000.0,000.0,000.0,A*3d
$GPGSA,A,3,01,07,08,011,030,,,,,,,,4.8,3.5,3.3,1*28
$GPGSV,2,1,5,01,64,51,48,07,57,345,46,08,32,130,44,011,73,111,42,1*54
$GPGSV,2,2,5,030,65,278,43,1*5b
$GPGGA,093812,,,,,0,5,3.5,,M,,M,,0000*7a
$GPRMC,093812,A,,,,,000.0,000.0,260837,,,A*42
$GPGLL,,,,,093812,A,A*7d
$GPVTG,000.0,000.0,000.0,A*3d
$GPGSA,A,3,01,07,08,011,030,,,,,,,,4.8,3.5,3.3,1*28
$GPGSV,2,1,5,01,64,51,49,07,57,345,46,08,32,130,44,011,73,111,42,1*55
$GPGSV,2,2,5,030,65,278,44,1*5c
$GPGGA,093812,,,,,0,5,3.5,,M,,M,,0000*7a
$GPRMC,093812,A,,,,,000.0,000.0,260837,,,A*42
$GPGLL,,,,,093812,A,A*7d
$GPVTG,000.0,000.0,000.0,A*3d
$GPGSA,A,3,01,07,08,011,030,,,,,,,,4.8,3.5,3.3,1*28
$GPGSV,2,1,5,01,64,51,49,07,57,345,46,08,32,130,44,011,73,111,42,1*55
$GPGSV,2,2,5,030,65,278,44,1*5c
$GPGGA,093813,,,,,0,5,3.5,,M,,M,,0000*7b
$GPRMC,093813,A,,,,,000.0,000.0,260837,,,A*43
$GPGLL,,,,,093813,A,A*7c
$GPVTG,000.0,000.0,000.0,A*3d
$GPGSA,A,3,01,07,08,011,030,,,,,,,,4.8,3.5,3.3,1*28
$GPGSV,2,1,5,01,64,51,49,07,57,345,46,08,32,130,43,011,73,112,42,1*51
$GPGSV,2,2,5,030,65,278,44,1*5c
$GPGGA,093813,,,,,0,5,3.5,,M,,M,,0000*7b
$GPRMC,093813,A,,,,,000.0,000.0,260837,,,A*43
$GPGLL,,,,,093813,A,A*7c
$GPVTG,000.0,000.0,000.0,A*3d
$GPGSA,A,3,01,07,08,011,030,,,,,,,,4.8,3.5,3.3,1*28
$GPGSV,2,1,5,01,64,51,49,07,57,345,46,08,32,130,43,011,73,112,42,1*51
$GPGSV,2,2,5,030,65,278,44,1*5c
$GPGGA,093814,,,,,0,5,3.5,,M,,M,,0000*7c
$GPRMC,093814,A,,,,,000.0,000.0,260837,,,A*44
$GPGLL,,,,,093814,A,A*7b
$GPVTG,000.0,000.0,000.0,A*3d
$GPGSA,A,3,01,07,08,011,030,,,,,,,,4.8,3.5,3.3,1*28
$GPGSV,2,1,5,01,64,51,49,07,57,345,45,08,32,130,41,011,73,112,39,1*5c
$GPGSV,2,2,5,030,65,278,41,1*59
$GPGGA,093814,,,,,0,5,3.5,,M,,M,,0000*7c
$GPRMC,093814,A,,,,,000.0,000.0,260837,,,A*44
$GPGLL,,,,,093814,A,A*7b
$GPVTG,000.0,000.0,000.0,A*3d
$GPGSA,A,3,01,07,08,011,030,,,,,,,,4.8,3.5,3.3,1*28
$GPGSV,2,1,5,01,64,51,49,07,57,345,45,08,32,130,41,011,73,112,39,1*5c
$GPGSV,2,2,5,030,65,278,41,1*59
$GPGGA,093815,,,,,0,5,3.5,,M,,M,,0000*7d
$GPRMC,093815,A,,,,,000.0,000.0,260837,,,A*45
$GPGLL,,,,,093815,A,A*7a
$GPVTG,000.0,000.0,000.0,A*3d
$GPGSA,A,3,01,07,08,011,030,,,,,,,,4.8,3.5,3.3,1*28
$GPGSV,2,1,5,01,64,51,49,07,57,345,45,08,32,130,42,011,73,112,40,1*51
$GPGSV,2,2,5,030,65,278,41,1*59
$GPGGA,093815,,,,,0,5,3.5,,M,,M,,0000*7d
$GPRMC,093815,A,,,,,000.0,000.0,260837,,,A*45
$GPGLL,,,,,093815,A,A*7a
$GPVTG,000.0,000.0,000.0,A*3d
$GPGSA,A,3,01,07,08,011,030,,,,,,,,4.8,3.5,3.3,1*28
$GPGSV,2,1,5,01,64,51,49,07,57,345,45,08,32,130,42,011,73,112,40,1*51
$GPGSV,2,2,5,030,65,278,41,1*59
$GPGGA,093816,,,,,0,5,3.5,,M,,M,,0000*7e
$GPRMC,093816,A,,,,,000.0,000.0,260837,,,A*46
$GPGLL,,,,,093816,A,A*79
$GPVTG,000.0,000.0,000.0,A*3d
$GPGSA,A,3,01,07,08,011,030,,,,,,,,4.8,3.5,3.3,1*28
$GPGSV,2,1,5,01,64,51,49,07,57,345,45,08,32,130,42,011,73,112,41,1*50
$GPGSV,2,2,5,030,65,278,41,1*59
$GPGGA,093816,,,,,0,5,3.5,,M,,M,,0000*7e
$GPRMC,093816,A,,,,,000.0,000.0,260837,,,A*46
$GPGLL,,,,,093816,A,A*79
$GPVTG,000.0,000.0,000.0,A*3d
$GPGSA,A,3,01,07,08,011,030,,,,,,,,4.8,3.5,3.3,1*28
$GPGSV,2,1,5,01,64,51,49,07,57,345,45,08,32,130,42,011,73,112,41,1*50
$GPGSV,2,2,5,030,65,278,41,1*59
$GPGGA,093817,,,,,0,5,3.5,,M,,M,,0000*7f
$GPRMC,093817,A,,,,,000.0,000.0,260837,,,A*47
$GPGLL,,,,,093817,A,A*78
$GPVTG,000.0,000.0,000.0,A*3d
$GPGSA,A,3,01,07,08,011,030,,,,,,,,4.8,3.5,3.3,1*28
$GPGSV,2,1,5,01,64,51,49,07,57,345,45,08,32,130,41,011,73,112,40,1*52
$GPGSV,2,2,5,030,65,278,42,1*5a
$GPGGA,093817,,,,,0,5,3.5,,M,,M,,0000*7f
$GPRMC,093817,A,,,,,000.0,000.0,260837,,,A*47
$GPGLL,,,,,093817,A,A*78
$GPVTG,000.0,000.0,000.0,A*3d
$GPGSA,A,3,01,07,08,011,030,,,,,,,,4.8,3.5,3.3,1*28
$GPGSV,2,1,5,01,64,51,49,07,57,345,45,08,32,130,41,011,73,112,40,1*52
$GPGSV,2,2,5,030,65,278,42,1*5a
$GPGGA,093818,,,,,0,5,3.5,,M,,M,,0000*70
$GPRMC,093818,A,,,,,000.0,000.0,260837,,,A*48
$GPGLL,,,,,093818,A,A*77
$GPVTG,000.0,000.0,000.0,A*3d
$GPGSA,A,3,01,07,08,011,030,,,,,,,,4.8,3.5,3.3,1*28
$GPGSV,2,1,5,01,64,51,49,07,57,345,45,08,32,130,43,011,73,112,41,1*51
$GPGSV,2,2,5,030,65,278,44,1*5c
$GPGGA,093818,,,,,0,5,3.5,,M,,M,,0000*70
$GPRMC,093818,A,,,,,000.0,000.0,260837,,,A*48
$GPGLL,,,,,093818,A,A*77
$GPVTG,000.0,000.0,000.0,A*3d
$GPGSA,A,3,01,07,08,011,030,,,,,,,,4.8,3.5,3.3,1*28
$GPGSV,2,1,5,01,64,51,49,07,57,345,45,08,32,130,43,011,73,112,41,1*51
$GPGSV,2,2,5,030,65,278,44,1*5c
$GPGGA,093819,,,,,0,5,3.5,,M,,M,,0000*71
$GPRMC,093819,A,,,,,000.0,000.0,260837,,,A*49
$GPGLL,,,,,093819,A,A*76
$GPVTG,000.0,000.0,000.0,A*3d
$GPGSA,A,3,01,07,08,011,030,,,,,,,,4.8,3.5,3.3,1*28
$GPGSV,2,1,5,01,64,51,48,07,57,345,45,08,32,130,43,011,73,112,41,1*50
$GPGSV,2,2,5,030,65,278,44,1*5c
$GPGGA,093819,,,,,0,5,3.5,,M,,M,,0000*71
$GPRMC,093819,A,,,,,000.0,000.0,260837,,,A*49
$GPGLL,,,,,093819,A,A*76
$GPVTG,000.0,000.0,000.0,A*3d
$GPGSA,A,3,01,07,08,011,030,,,,,,,,4.8,3.5,3.3,1*28
$GPGSV,2,1,5,01,64,51,48,07,57,345,45,08,32,130,43,011,73,112,41,1*50
$GPGSV,2,2,5,030,65,278,44,1*5c
$GPGGA,093820,,,,,0,5,3.5,,M,,M,,0000*7b
$GPRMC,093820,A,,,,,000.0,000.0,260837,,,A*43
$GPGLL,,,,,093820,A,A*7c
$GPVTG,000.0,000.0,000.0,A*3d
$GPGSA,A,3,01,07,08,011,030,,,,,,,,4.8,3.5,3.3,1*28
$GPGSV,2,1,5,01,64,51,48,07,57,345,45,08,32,130,41,011,73,112,40,1*53
$GPGSV,2,2,5,030,65,278,41,1*59
$GPGGA,093820,,,,,0,5,3.5,,M,,M,,0000*7b
$GPRMC,093820,A,,,,,000.0,000.0,260837,,,A*43
$GPGLL,,,,,093820,A,A*7c
$GPVTG,000.0,000.0,000.0,A*3d
$GPGSA,A,3,01,07,08,011,030,,,,,,,,4.8,3.5,3.3,1*28
$GPGSV,2,1,5,01,64,51,48,07,57,345,45,08,32,130,41,011,73,112,40,1*53
$GPGSV,2,2,5,030,65,278,41,1*59
$GPGGA,093821,,,,,0,5,3.5,,M,,M,,0000*7a
$GPRMC,093821,A,,,,,000.0,000.0,260837,,,A*42
$GPGLL,,,,,093821,A,A*7d
$GPVTG,000.0,000.0,000.0,A*3d
$GPGSA,A,3,01,07,08,011,030,,,,,,,,4.8,3.5,3.3,1*28
$GPGSV,2,1,5,01,64,51,49,07,57,345,46,08,32,130,41,011,73,112,41,1*50
$GPGSV,2,2,5,030,65,278,43,1*5b
$GPGGA,093821,,,,,0,5,3.5,,M,,M,,0000*7a
$GPRMC,093821,A,,,,,000.0,000.0,260837,,,A*42
$GPGLL,,,,,093821,A,A*7d
$GPVTG,000.0,000.0,000.0,A*3d
$GPGSA,A,3,01,07,08,011,030,,,,,,,,4.8,3.5,3.3,1*28
$GPGSV,2,1,5,01,64,51,49,07,57,345,46,08,32,130,41,011,73,112,41,1*50
$GPGSV,2,2,5,030,65,278,43,1*5b
$GPGGA,093822,,,,,0,5,3.5,,M,,M,,0000*79
$GPRMC,093822,A,,,,,000.0,000.0,260837,,,A*41
$GPGLL,,,,,093822,A,A*7e
$GPVTG,000.0,000.0,000.0,A*3d
$GPGSA,A,3,01,07,08,011,030,,,,,,,,4.8,3.5,3.3,1*28
$GPGSV,2,1,5,01,64,51,49,07,57,345,47,08,32,130,43,011,73,112,41,1*53
$GPGSV,2,2,5,030,65,278,44,1*5c
$GPGGA,093822,,,,,0,5,3.5,,M,,M,,0000*79
$GPRMC,093822,A,,,,,000.0,000.0,260837,,,A*41
$GPGLL,,,,,093822,A,A*7e
$GPVTG,000.0,000.0,000.0,A*3d
$GPGSA,A,3,01,07,08,011,030,,,,,,,,4.8,3.5,3.3,1*28
$GPGSV,2,1,5,01,64,51,49,07,57,345,47,08,32,130,43,011,73,112,41,1*53
$GPGSV,2,2,5,030,65,278,44,1*5c
$GPGGA,093823,,,,,0,5,3.5,,M,,M,,0000*78
$GPRMC,093823,A,,,,,000.0,000.0,260837,,,A*40
$GPGLL,,,,,093823,A,A*7f
$GPVTG,000.0,000.0,000.0,A*3d
$GPGSA,A,3,01,07,08,011,030,,,,,,,,4.8,3.5,3.3,1*28
$GPGSV,2,1,5,01,64,51,48,07,57,345,47,08,32,130,42,011,73,112,41,1*53
$GPGSV,2,2,5,030,65,278,45,1*5d
$GPGGA,093823,,,,,0,5,3.5,,M,,M,,0000*78
$GPRMC,093823,A,,,,,000.0,000.0,260837,,,A*40
$GPGLL,,,,,093823,A,A*7f
$GPVTG,000.0,000.0,000.0,A*3d
$GPGSA,A,3,01,07,08,011,030,,,,,,,,4.8,3.5,3.3,1*28
$GPGSV,2,1,5,01,64,51,48,07,57,345,47,08,32,130,42,011,73,112,41,1*53
$GPGSV,2,2,5,030,65,278,45,1*5d
$GPGGA,093824,,,,,0,5,3.5,,M,,M,,0000*7f
$GPRMC,093824,A,,,,,000.0,000.0,260837,,,A*47
$GPGLL,,,,,093824,A,A*78
$GPVTG,000.0,000.0,000.0,A*3d
$GPGSA,A,3,01,07,08,011,030,,,,,,,,4.8,3.5,3.3,1*28
$GPGSV,2,1,5,01,64,51,48,07,57,345,48,08,32,130,43,011,73,112,42,1*5e
$GPGSV,2,2,5,030,65,278,46,1*5e
$GPGGA,093824,,,,,0,5,3.5,,M,,M,,0000*7f
$GPRMC,093824,A,,,,,000.0,000.0,260837,,,A*47
$GPGLL,,,,,093824,A,A*78
$GPVTG,000.0,000.0,000.0,A*3d
$GPGSA,A,3,01,07,08,011,030,,,,,,,,4.8,3.5,3.3,1*28
$GPGSV,2,1,5,01,64,51,48,07,57,345,48,08,32,130,43,011,73,112,42,1*5e
$GPGSV,2,2,5,030,65,278,46,1*5e
$GPGGA,093825,,,,,0,5,3.5,,M,,M,,0000*7e
$GPRMC,093825,A,,,,,000.0,000.0,260837,,,A*46
$GPGLL,,,,,093825,A,A*79
$GPVTG,000.0,000.0,000.0,A*3d
$GPGSA,A,3,01,07,08,011,030,,,,,,,,4.8,3.5,3.3,1*28
$GPGSV,2,1,5,01,64,51,49,07,57,345,47,08,32,130,44,011,73,112,42,1*57
$GPGSV,2,2,5,030,65,278,46,1*5e
$GPGGA,093825,,,,,0,5,3.5,,M,,M,,0000*7e
$GPRMC,093825,A,,,,,000.0,000.0,260837,,,A*46
$GPGLL,,,,,093825,A,A*79
$GPVTG,000.0,000.0,000.0,A*3d
$GPGSA,A,3,01,07,08,011,030,,,,,,,,4.8,3.5,3.3,1*28
$GPGSV,2,1,5,01,64,51,49,07,57,345,47,08,32,130,44,011,73,112,42,1*57
$GPGSV,2,2,5,030,65,278,46,1*5e
$GPGGA,093826,,,,,0,5,3.5,,M,,M,,0000*7d
$GPRMC,093826,A,,,,,000.0,000.0,260837,,,A*45
$GPGLL,,,,,093826,A,A*7a
$GPVTG,000.0,000.0,000.0,A*3d
$GPGSA,A,3,01,07,08,011,030,,,,,,,,4.8,3.5,3.3,1*28
$GPGSV,2,1,5,01,64,51,49,07,57,345,47,08,32,130,44,011,73,112,42,1*57
$GPGSV,2,2,5,030,65,278,45,1*5d
$GPGGA,093826,,,,,0,5,3.5,,M,,M,,0000*7d
$GPRMC,093826,A,,,,,000.0,000.0,260837,,,A*45
$GPGLL,,,,,093826,A,A*7a
$GPVTG,000.0,000.0,000.0,A*3d
$GPGSA,A,3,01,07,08,011,030,,,,,,,,4.8,3.5,3.3,1*28
$GPGSV,2,1,5,01,64,51,49,07,57,345,47,08,32,130,44,011,73,112,42,1*57
$GPGSV,2,2,5,030,65,278,45,1*5d
$GPGGA,093827,,,,,0,5,3.5,,M,,M,,0000*7c
$GPRMC,093827,A,,,,,000.0,000.0,260837,,,A*44
$GPGLL,,,,,093827,A,A*7b
$GPVTG,000.0,000.0,000.0,A*3d
$GPGSA,A,3,01,07,08,011,030,,,,,,,,4.8,3.5,3.3,1*28
$GPGSV,2,1,5,01,64,51,48,07,57,345,48,08,32,130,43,011,73,112,41,1*5d
$GPGSV,2,2,5,030,65,278,45,1*5d
$GPGGA,093827,,,,,0,5,3.5,,M,,M,,0000*7c
$GPRMC,093827,A,,,,,000.0,000.0,260837,,,A*44
$GPGLL,,,,,093827,A,A*7b
$GPVTG,000.0,000.0,000.0,A*3d
$GPGSA,A,3,01,07,08,011,030,,,,,,,,4.8,3.5,3.3,1*28
$GPGSV,2,1,5,01,64,51,48,07,57,345,48,08,32,130,43,011,73,112,41,1*5d
$GPGSV,2,2,5,030,65,278,45,1*5d
$GPGGA,093828,,,,,0,5,3.5,,M,,M,,0000*73
$GPRMC,093828,A,,,,,000.0,000.0,260837,,,A*4b
$GPGLL,,,,,093828,A,A*74
$GPVTG,000.0,000.0,000.0,A*3d
$GPGSA,A,3,01,07,08,011,030,,,,,,,,4.8,3.5,3.3,1*28
$GPGSV,2,1,5,01,64,51,48,07,57,345,47,08,32,130,43,011,73,112,42,1*51
$GPGSV,2,2,5,030,65,278,46,1*5e
$GPGGA,093828,,,,,0,5,3.5,,M,,M,,0000*73
$GPRMC,093828,A,,,,,000.0,000.0,260837,,,A*4b
$GPGLL,,,,,093828,A,A*74
$GPVTG,000.0,000.0,000.0,A*3d
$GPGSA,A,3,01,07,08,011,030,,,,,,,,4.8,3.5,3.3,1*28
$GPGSV,2,1,5,01,64,51,48,07,57,345,47,08,32,130,43,011,73,112,42,1*51
$GPGSV,2,2,5,030,65,278,46,1*5e
$GPGGA,093829,,,,,0,5,3.5,,M,,M,,0000*72
$GPRMC,093829,A,,,,,000.0,000.0,260837,,,A*4a
$GPGLL,,,,,093829,A,A*75
$GPVTG,000.0,000.0,000.0,A*3d
$GPGSA,A,3,01,07,08,011,030,,,,,,,,4.8,3.5,3.3,1*28
$GPGSV,2,1,5,01,64,51,48,07,57,345,48,08,32,130,43,011,73,112,43,1*5f
$GPGSV,2,2,5,030,65,278,47,1*5f
$GPGGA,093829,,,,,0,5,3.5,,M,,M,,0000*72
$GPRMC,093829,A,,,,,000.0,000.0,260837,,,A*4a
$GPGLL,,,,,093829,A,A*75
$GPVTG,000.0,000.0,000.0,A*3d
$GPGSA,A,3,01,07,08,011,030,,,,,,,,4.8,3.5,3.3,1*28
$GPGSV,2,1,5,01,64,51,48,07,57,345,48,08,32,130,43,011,73,112,43,1*5f
$GPGSV,2,2,5,030,65,278,47,1*5f
$GPGGA,093830,,,,,0,5,3.5,,M,,M,,0000*7a
$GPRMC,093830,A,,,,,000.0,000.0,260837,,,A*42
$GPGLL,,,,,093830,A,A*7d
$GPVTG,000.0,000.0,000.0,A*3d
$GPGSA,A,3,01,07,08,011,030,,,,,,,,4.8,3.5,3.3,1*28
$GPGSV,2,1,5,01,64,51,50,07,57,345,49,08,32,130,44,011,73,112,43,1*50
$GPGSV,2,2,5,030,65,278,47,1*5f
$GPGGA,093830,,,,,0,5,3.5,,M,,M,,0000*7a
$GPRMC,093830,A,,,,,000.0,000.0,260837,,,A*42
$GPGLL,,,,,093830,A,A*7d
$GPVTG,000.0,000.0,000.0,A*3d
$GPGSA,A,3,01,07,08,011,030,,,,,,,,4.8,3.5,3.3,1*28
$GPGSV,2,1,5,01,64,51,50,07,57,345,49,08,32,130,44,011,73,112,43,1*50
$GPGSV,2,2,5,030,65,278,47,1*5f
$GPGGA,093831,,,,,0,5,3.5,,M,,M,,0000*7b
$GPRMC,093831,A,,,,,000.0,000.0,260837,,,A*43
$GPGLL,,,,,093831,A,A*7c
$GPVTG,000.0,000.0,000.0,A*3d
$GPGSA,A,3,01,07,08,011,030,,,,,,,,4.8,3.5,3.3,1*28
$GPGSV,2,1,5,01,64,51,49,07,57,345,48,08,32,130,43,011,73,112,43,1*5e
$GPGSV,2,2,5,030,65,278,46,1*5e
$GPGGA,093831,,,,,0,5,3.5,,M,,M,,0000*7b
$GPRMC,093831,A,,,,,000.0,000.0,260837,,,A*43
$GPGLL,,,,,093831,A,A*7c
$GPVTG,000.0,000.0,000.0,A*3d
$GPGSA,A,3,01,07,08,011,030,,,,,,,,4.8,3.5,3.3,1*28
$GPGSV,2,1,5,01,64,51,49,07,57,345,48,08,32,130,43,011,73,112,43,1*5e
$GPGSV,2,2,5,030,65,278,46,1*5e
$GPGGA,093832,,,,,0,5,3.5,,M,,M,,0000*78
$GPRMC,093832,A,,,,,000.0,000.0,260837,,,A*40
$GPGLL,,,,,093832,A,A*7f
$GPVTG,000.0,000.0,000.0,A*3d
$GPGSA,A,3,01,07,08,011,030,,,,,,,,4.8,3.5,3.3,1*28
$GPGSV,2,1,5,01,64,51,48,07,57,345,47,08,32,130,43,011,73,112,43,1*50
$GPGSV,2,2,5,030,65,278,46,1*5e
$GPGGA,093832,,,,,0,5,3.5,,M,,M,,0000*78
$GPRMC,093832,A,,,,,000.0,000.0,260837,,,A*40
$GPGLL,,,,,093832,A,A*7f
$GPVTG,000.0,000.0,000.0,A*3d
$GPGSA,A,3,01,07,08,011,030,,,,,,,,4.8,3.5,3.3,1*28
$GPGSV,2,1,5,01,64,51,48,07,57,345,47,08,32,130,43,011,73,112,43,1*50
$GPGSV,2,2,5,030,65,278,46,1*5e
$GPGGA,093833,,,,,0,5,3.5,,M,,M,,0000*79
$GPRMC,093833,A,,,,,000.0,000.0,260837,,,A*41
$GPGLL,,,,,093833,A,A*7e
$GPVTG,000.0,000.0,000.0,A*3d
$GPGSA,A,3,01,07,08,011,030,,,,,,,,4.8,3.5,3.3,1*28
$GPGSV,2,1,5,01,64,51,47,07,57,345,47,08,32,130,44,011,73,112,42,1*59
$GPGSV,2,2,5,030,65,278,45,1*5d
$GPGGA,093833,,,,,0,5,3.5,,M,,M,,0000*79
$GPRMC,093833,A,,,,,000.0,000.0,260837,,,A*41
$GPGLL,,,,,093833,A,A*7e
$GPVTG,000.0,000.0,000.0,A*3d
$GPGSA,A,3,01,07,08,011,030,,,,,,,,4.8,3.5,3.3,1*28
$GPGSV,2,1,5,01,64,51,47,07,57,345,47,08,32,130,44,011,73,112,42,1*59
$GPGSV,2,2,5,030,65,278,45,1*5d
$GPGGA,093834,,,,,0,5,3.5,,M,,M,,0000*7e
$GPRMC,093834,A,,,,,000.0,000.0,260837,,,A*46
$GPGLL,,,,,093834,A,A*79
$GPVTG,000.0,000.0,000.0,A*3d
$GPGSA,A,3,01,07,08,011,030,,,,,,,,4.8,3.5,3.3,1*28
$GPGSV,2,1,5,01,64,51,48,07,57,345,48,08,32,130,44,011,73,112,41,1*5a
$GPGSV,2,2,5,030,65,278,45,1*5d
$GPGGA,093834,,,,,0,5,3.5,,M,,M,,0000*7e
$GPRMC,093834,A,,,,,000.0,000.0,260837,,,A*46
$GPGLL,,,,,093834,A,A*79
$GPVTG,000.0,000.0,000.0,A*3d
$GPGSA,A,3,01,07,08,011,030,,,,,,,,4.8,3.5,3.3,1*28
$GPGSV,2,1,5,01,64,51,48,07,57,345,48,08,32,130,44,011,73,112,41,1*5a
$GPGSV,2,2,5,030,65,278,45,1*5d
$GPGGA,093835,,,,,0,5,3.5,,M,,M,,0000*7f
$GPRMC,093835,A,,,,,000.0,000.0,260837,,,A*47
$GPGLL,,,,,093835,A,A*78
$GPVTG,000.0,000.0,000.0,A*3d
$GPGSA,A,3,01,07,08,011,030,,,,,,,,4.8,3.5,3.3,1*28
$GPGSV,2,1,5,01,64,51,48,07,57,345,48,08,32,130,44,011,73,112,41,1*5a
$GPGSV,2,2,5,030,65,278,46,1*5e
$GPGGA,093835,,,,,0,5,3.5,,M,,M,,0000*7f
$GPRMC,093835,A,,,,,000.0,000.0,260837,,,A*47
$GPGLL,,,,,093835,A,A*78
$GPVTG,000.0,000.0,000.0,A*3d
$GPGSA,A,3,01,07,08,011,030,,,,,,,,4.8,3.5,3.3,1*28
$GPGSV,2,1,5,01,64,51,48,07,57,345,48,08,32,130,44,011,73,112,41,1*5a
$GPGSV,2,2,5,030,65,278,46,1*5e
$GPGGA,093836,,,,,0,5,3.5,,M,,M,,0000*7c
$GPRMC,093836,A,,,,,000.0,000.0,260837,,,A*44
$GPGLL,,,,,093836,A,A*7b
$GPVTG,000.0,000.0,000.0,A*3d
$GPGSA,A,3,01,07,08,011,030,,,,,,,,4.8,3.5,3.3,1*28
$GPGSV,2,1,5,01,64,51,49,07,57,345,48,08,32,130,45,011,73,112,42,1*59
$GPGSV,2,2,5,030,65,278,46,1*5e
$GPGGA,093836,,,,,0,5,3.5,,M,,M,,0000*7c
$GPRMC,093836,A,,,,,000.0,000.0,260837,,,A*44
$GPGLL,,,,,093836,A,A*7b
$GPVTG,000.0,000.0,000.0,A*3d
$GPGSA,A,3,01,07,08,011,030,,,,,,,,4.8,3.5,3.3,1*28
$GPGSV,2,1,5,01,64,51,49,07,57,345,48,08,32,130,45,011,73,112,42,1*59
$GPGSV,2,2,5,030,65,278,46,1*5e
$GPGGA,093837,,,,,0,5,3.5,,M,,M,,0000*7d
$GPRMC,093837,A,,,,,000.0,000.0,260837,,,A*45
$GPGLL,,,,,093837,A,A*7a
$GPVTG,000.0,000.0,000.0,A*3d
$GPGSA,A,3,01,07,08,011,030,,,,,,,,4.8,3.5,3.3,1*28
$GPGSV,2,1,5,01,64,51,49,07,57,345,47,08,32,130,45,011,73,112,41,1*55
$GPGSV,2,2,5,030,65,278,45,1*5d
$GPGGA,093837,,,,,0,5,3.5,,M,,M,,0000*7d
$GPRMC,093837,A,,,,,000.0,000.0,260837,,,A*45
$GPGLL,,,,,093837,A,A*7a
$GPVTG,000.0,000.0,000.0,A*3d
$GPGSA,A,3,01,07,08,011,030,,,,,,,,4.8,3.5,3.3,1*28
$GPGSV,2,1,5,01,64,51,49,07,57,345,47,08,32,130,45,011,73,112,41,1*55
$GPGSV,2,2,5,030,65,278,45,1*5d
$GPGGA,093838,,,,,0,5,3.5,,M,,M,,0000*72
$GPRMC,093838,A,,,,,000.0,000.0,260837,,,A*4a
$GPGLL,,,,,093838,A,A*75
$GPVTG,000.0,000.0,000.0,A*3d
$GPGSA,A,3,01,07,08,011,030,,,,,,,,4.8,3.5,3.3,1*28
$GPGSV,2,1,5,01,64,51,49,07,57,345,47,08,32,130,45,011,73,112,42,1*56
$GPGSV,2,2,5,030,65,278,45,1*5d
$GPGGA,093838,,,,,0,5,3.5,,M,,M,,0000*72
$GPRMC,093838,A,,,,,000.0,000.0,260837,,,A*4a
$GPGLL,,,,,093838,A,A*75
$GPVTG,000.0,000.0,000.0,A*3d
$GPGSA,A,3,01,07,08,011,030,,,,,,,,4.8,3.5,3.3,1*28
$GPGSV,2,1,5,01,64,51,49,07,57,345,47,08,32,130,45,011,73,112,42,1*56
$GPGSV,2,2,5,030,65,278,45,1*5d
$GPGGA,093839,,,,,0,5,3.5,,M,,M,,0000*73
$GPRMC,093839,A,,,,,000.0,000.0,260837,,,A*4b
$GPGLL,,,,,093839,A,A*74
$GPVTG,000.0,000.0,000.0,A*3d
$GPGSA,A,3,01,07,08,011,030,,,,,,,,4.8,3.5,3.3,1*28
$GPGSV,2,1,5,01,64,51,50,07,57,345,47,08,32,130,45,011,73,112,41,1*5d
$GPGSV,2,2,5,030,65,278,45,1*5d
$GPGGA,093839,,,,,0,5,3.5,,M,,M,,0000*73
$GPRMC,093839,A,,,,,000.0,000.0,260837,,,A*4b
$GPGLL,,,,,093839,A,A*74
$GPVTG,000.0,000.0,000.0,A*3d
$GPGSA,A,3,01,07,08,011,030,,,,,,,,4.8,3.5,3.3,1*28
$GPGSV,2,1,5,01,64,51,50,07,57,345,47,08,32,130,45,011,73,112,41,1*5d
$GPGSV,2,2,5,030,65,278,45,1*5d
$GPGGA,093840,,,,,0,5,3.5,,M,,M,,0000*7d
$GPRMC,093840,A,,,,,000.0,000.0,260837,,,A*45
$GPGLL,,,,,093840,A,A*7a
$GPVTG,000.0,000.0,000.0,A*3d
$GPGSA,A,3,01,07,08,011,030,,,,,,,,4.8,3.5,3.3,1*28
$GPGSV,2,1,5,01,64,51,49,07,57,345,47,08,32,130,44,011,73,112,41,1*54
$GPGSV,2,2,5,030,65,278,45,1*5d
$GPGGA,093840,,,,,0,5,3.5,,M,,M,,0000*7d
$GPRMC,093840,A,,,,,000.0,000.0,260837,,,A*45
$GPGLL,,,,,093840,A,A*7a
$GPVTG,000.0,000.0,000.0,A*3d
$GPGSA,A,3,01,07,08,011,030,,,,,,,,4.8,3.5,3.3,1*28
$GPGSV,2,1,5,01,64,51,49,07,57,345,47,08,32,130,44,011,73,112,41,1*54
$GPGSV,2,2,5,030,65,278,45,1*5d
$GPGGA,093841,,,,,0,5,3.4,,M,,M,,0000*7d
$GPRMC,093841,A,,,,,000.0,000.0,260837,,,A*44
$GPGLL,,,,,093841,A,A*7b
$GPVTG,000.0,000.0,000.0,A*3d
$GPGSA,A,3,01,07,08,011,030,,,,,,,,4.8,3.4,3.3,1*29
$GPGSV,2,1,5,01,64,51,50,07,57,345,48,08,32,130,44,011,73,112,42,1*50
$GPGSV,2,2,5,030,65,278,44,1*5c
$GPGGA,093841,,,,,0,5,3.4,,M,,M,,0000*7d
$GPRMC,093841,A,,,,,000.0,000.0,260837,,,A*44
$GPGLL,,,,,093841,A,A*7b
$GPVTG,000.0,000.0,000.0,A*3d
$GPGSA,A,3,01,07,08,011,030,,,,,,,,4.8,3.4,3.3,1*29
$GPGSV,2,1,5,01,64,51,50,07,57,345,48,08,32,130,44,011,73,112,42,1*50
$GPGSV,2,2,5,030,65,278,44,1*5c
$GPGGA,093842,,,,,0,5,3.4,,M,,M,,0000*7e
$GPRMC,093842,A,,,,,000.0,000.0,260837,,,A*47
$GPGLL,,,,,093842,A,A*78
$GPVTG,000.0,000.0,000.0,A*3d
$GPGSA,A,3,01,07,08,011,030,,,,,,,,4.8,3.4,3.3,1*29
$GPGSV,2,1,5,01,64,51,49,07,57,345,48,08,32,130,45,011,73,112,42,1*59
$GPGSV,2,2,5,030,65,278,45,1*5d
$GPGGA,093842,,,,,0,5,3.4,,M,,M,,0000*7e
$GPRMC,093842,A,,,,,000.0,000.0,260837,,,A*47
$GPGLL,,,,,093842,A,A*78
$GPVTG,000.0,000.0,000.0,A*3d
$GPGSA,A,3,01,07,08,011,030,,,,,,,,4.8,3.4,3.3,1*29
$GPGSV,2,1,5,01,64,51,49,07,57,345,48,08,32,130,45,011,73,112,42,1*59
$GPGSV,2,2,5,030,65,278,45,1*5d
$GPGGA,093843,,,,,0,5,3.4,,M,,M,,0000*7f
$GPRMC,093843,A,,,,,000.0,000.0,260837,,,A*46
$GPGLL,,,,,093843,A,A*79
$GPVTG,000.0,000.0,000.0,A*3d
$GPGSA,A,3,01,07,08,011,030,,,,,,,,4.8,3.4,3.3,1*29
$GPGSV,2,1,5,01,64,51,48,07,57,345,47,08,32,130,45,011,73,112,42,1*57
$GPGSV,2,2,5,030,65,278,47,1*5f
$GPGGA,093843,,,,,0,5,3.4,,M,,M,,0000*7f
$GPRMC,093843,A,,,,,000.0,000.0,260837,,,A*46
$GPGLL,,,,,093843,A,A*79
$GPVTG,000.0,000.0,000.0,A*3d
$GPGSA,A,3,01,07,08,011,030,,,,,,,,4.8,3.4,3.3,1*29
$GPGSV,2,1,5,01,64,51,48,07,57,345,47,08,32,130,45,011,73,112,42,1*57
$GPGSV,2,2,5,030,65,278,47,1*5f
$GPGGA,093844,,,,,0,5,3.4,,M,,M,,0000*78
$GPRMC,093844,A,,,,,000.0,000.0,260837,,,A*41
$GPGLL,,,,,093844,A,A*7e
$GPVTG,000.0,000.0,000.0,A*3d
$GPGSA,A,3,01,07,08,011,030,,,,,,,,4.8,3.4,3.3,1*29
$GPGSV,2,1,5,01,64,51,48,07,57,345,44,08,32,130,45,011,73,112,41,1*57
$GPGSV,2,2,5,030,65,278,46,1*5e
$GPGGA,093844,,,,,0,5,3.4,,M,,M,,0000*78
$GPRMC,093844,A,,,,,000.0,000.0,260837,,,A*41
$GPGLL,,,,,093844,A,A*7e
$GPVTG,000.0,000.0,000.0,A*3d
$GPGSA,A,3,01,07,08,011,030,,,,,,,,4.8,3.4,3.3,1*29
$GPGSV,2,1,5,01,64,51,48,07,57,345,44,08,32,130,45,011,73,112,41,1*57
$GPGSV,2,2,5,030,65,278,46,1*5e
$GPGGA,093845,,,,,0,5,3.4,,M,,M,,0000*79
$GPRMC,093845,A,,,,,000.0,000.0,260837,,,A*40
$GPGLL,,,,,093845,A,A*7f
$GPVTG,000.0,000.0,000.0,A*3d
$GPGSA,A,3,01,07,08,011,030,,,,,,,,4.8,3.4,3.3,1*29
$GPGSV,2,1,5,01,64,51,48,07,57,345,46,08,32,130,45,011,73,112,40,1*54
$GPGSV,2,2,5,030,65,278,45,1*5d
$GPGGA,093845,,,,,0,5,3.4,,M,,M,,0000*79
$GPRMC,093845,A,,,,,000.0,000.0,260837,,,A*40
$GPGLL,,,,,093845,A,A*7f
$GPVTG,000.0,000.0,000.0,A*3d
$GPGSA,A,3,01,07,08,011,030,,,,,,,,4.8,3.4,3.3,1*29
$GPGSV,2,1,5,01,64,51,48,07,57,345,46,08,32,130,45,011,73,112,40,1*54
$GPGSV,2,2,5,030,65,278,45,1*5d
$GPGGA,093846,,,,,0,5,3.4,,M,,M,,0000*7a
$GPRMC,093846,A,,,,,000.0,000.0,260837,,,A*43
$GPGLL,,,,,093846,A,A*7c
$GPVTG,000.0,000.0,000.0,A*3d
$GPGSA,A,3,01,07,08,011,030,,,,,,,,4.8,3.4,3.3,1*29
$GPGSV,2,1,5,01,65,51,48,07,57,345,47,08,32,130,44,011,73,112,41,1*54
$GPGSV,2,2,5,030,65,278,45,1*5d
$GPGGA,093846,,,,,0,5,3.4,,M,,M,,0000*7a
$GPRMC,093846,A,,,,,000.0,000.0,260837,,,A*43
$GPGLL,,,,,093846,A,A*7c
$GPVTG,000.0,000.0,000.0,A*3d
$GPGSA,A,3,01,07,08,011,030,,,,,,,,4.8,3.4,3.3,1*29
$GPGSV,2,1,5,01,65,51,48,07,57,345,47,08,32,130,44,011,73,112,41,1*54
$GPGSV,2,2,5,030,65,278,45,1*5d
$GPGGA,093847,,,,,0,5,3.4,,M,,M,,0000*7b
$GPRMC,093847,A,,,,,000.0,000.0,260837,,,A*42
$GPGLL,,,,,093847,A,A*7d
$GPVTG,000.0,000.0,000.0,A*3d
$GPGSA,A,3,01,07,08,011,030,,,,,,,,4.8,3.4,3.3,1*29
$GPGSV,2,1,5,01,65,52,49,07,57,345,47,08,32,130,45,011,73,112,41,1*57
$GPGSV,2,2,5,030,65,278,45,1*5d
$GPGGA,093847,,,,,0,5,3.4,,M,,M,,0000*7b
$GPRMC,093847,A,,,,,000.0,000.0,260837,,,A*42
$GPGLL,,,,,093847,A,A*7d
$GPVTG,000.0,000.0,000.0,A*3d
$GPGSA,A,3,01,07,08,011,030,,,,,,,,4.8,3.4,3.3,1*29
$GPGSV,2,1,5,01,65,52,49,07,57,345,47,08,32,130,45,011,73,112,41,1*57
$GPGSV,2,2,5,030,65,278,45,1*5d
$GPGGA,093848,,,,,0,5,3.4,,M,,M,,0000*74
$GPRMC,093848,A,,,,,000.0,000.0,260837,,,A*4d
$GPGLL,,,,,093848,A,A*72
$GPVTG,000.0,000.0,000.0,A*3d
$GPGSA,A,3,01,07,08,011,030,,,,,,,,4.8,3.4,3.3,1*29
$GPGSV,2,1,5,01,65,52,49,07,57,345,47,08,32,130,45,011,73,112,40,1*56
$GPGSV,2,2,5,030,65,278,43,1*5b
$GPGGA,093848,,,,,0,5,3.4,,M,,M,,0000*74
$GPRMC,093848,A,,,,,000.0,000.0,260837,,,A*4d
$GPGLL,,,,,093848,A,A*72
$GPVTG,000.0,000.0,000.0,A*3d
$GPGSA,A,3,01,07,08,011,030,,,,,,,,4.8,3.4,3.3,1*29
$GPGSV,2,1,5,01,65,52,49,07,57,345,47,08,32,130,45,011,73,112,40,1*56
$GPGSV,2,2,5,030,65,278,43,1*5b
$GPGGA,093849,,,,,0,5,3.4,,M,,M,,0000*75
$GPRMC,093849,A,,,,,000.0,000.0,260837,,,A*4c
$GPGLL,,,,,093849,A,A*73
$GPVTG,000.0,000.0,000.0,A*3d
$GPGSA,A,3,01,07,08,011,030,,,,,,,,4.8,3.4,3.3,1*29
$GPGSV,2,1,5,01,65,52,49,07,57,345,47,08,32,130,44,011,73,112,39,1*59
$GPGSV,2,2,5,030,65,278,42,1*5a
$GPGGA,093849,,,,,0,5,3.4,,M,,M,,0000*75
$GPRMC,093849,A,,,,,000.0,000.0,260837,,,A*4c
$GPGLL,,,,,093849,A,A*73
$GPVTG,000.0,000.0,000.0,A*3d
$GPGSA,A,3,01,07,08,011,030,,,,,,,,4.8,3.4,3.3,1*29
$GPGSV,2,1,5,01,65,52,49,07,57,345,47,08,32,130,44,011,73,112,39,1*59
$GPGSV,2,2,5,030,65,278,42,1*5a
$GPGGA,093850,,,,,0,5,3.4,,M,,M,,0000*7d
$GPRMC,093850,A,,,,,000.0,000.0,260837,,,A*44
$GPGLL,,,,,093850,A,A*7b
$GPVTG,000.0,000.0,000.0,A*3d
$GPGSA,A,3,01,07,08,011,030,,,,,,,,4.8,3.4,3.3,1*29
$GPGSV,2,1,5,01,65,52,49,07,57,345,46,08,32,130,43,011,73,112,39,1*5f
$GPGSV,2,2,5,030,65,278,40,1*58
$GPGGA,093850,,,,,0,5,3.4,,M,,M,,0000*7d
$GPRMC,093850,A,,,,,000.0,000.0,260837,,,A*44
$GPGLL,,,,,093850,A,A*7b
$GPVTG,000.0,000.0,000.0,A*3d
$GPGSA,A,3,01,07,08,011,030,,,,,,,,4.8,3.4,3.3,1*29
$GPGSV,2,1,5,01,65,52,49,07,57,345,46,08,32,130,43,011,73,112,39,1*5f
$GPGSV,2,2,5,030,65,278,40,1*58
$GPGGA,093851,,,,,0,5,3.4,,M,,M,,0000*7c
$GPRMC,093851,A,,,,,000.0,000.0,260837,,,A*45
$GPGLL,,,,,093851,A,A*7a
$GPVTG,000.0,000.0,000.0,A*3d
$GPGSA,A,3,01,07,08,011,030,,,,,,,,4.8,3.4,3.3,1*29
$GPGSV,2,1,5,01,65,52,49,07,57,345,47,08,32,130,44,011,73,112,40,1*57
$GPGSV,2,2,5,030,65,278,43,1*5b
$GPGGA,093851,,,,,0,5,3.4,,M,,M,,0000*7c
$GPRMC,093851,A,,,,,000.0,000.0,260837,,,A*45
$GPGLL,,,,,093851,A,A*7a
$GPVTG,000.0,000.0,000.0,A*3d
$GPGSA,A,3,01,07,08,011,030,,,,,,,,4.8,3.4,3.3,1*29
$GPGSV,2,1,5,01,65,52,49,07,57,345,47,08,32,130,44,011,73,112,40,1*57
$GPGSV,2,2,5,030,65,278,43,1*5b
$GPGGA,093852,,,,,0,5,3.4,,M,,M,,0000*7f
$GPRMC,093852,A,,,,,000.0,000.0,260837,,,A*46
$GPGLL,,,,,093852,A,A*79
$GPVTG,000.0,000.0,000.0,A*3d
$GPGSA,A,3,01,07,08,011,030,,,,,,,,4.8,3.4,3.3,1*29
$GPGSV,2,1,5,01,65,52,49,07,57,345,47,08,32,130,44,011,73,112,40,1*57
$GPGSV,2,2,5,030,65,278,44,1*5c
$GPGGA,093852,,,,,0,5,3.4,,M,,M,,0000*7f
$GPRMC,093852,A,,,,,000.0,000.0,260837,,,A*46
$GPGLL,,,,,093852,A,A*79
$GPVTG,000.0,000.0,000.0,A*3d
$GPGSA,A,3,01,07,08,011,030,,,,,,,,4.8,3.4,3.3,1*29
$GPGSV,2,1,5,01,65,52,49,07,57,345,47,08,32,130,44,011,73,112,40,1*57
$GPGSV,2,2,5,030,65,278,44,1*5c
$GPGGA,093853,,,,,0,5,3.4,,M,,M,,0000*7e
$GPRMC,093853,A,,,,,000.0,000.0,260837,,,A*47
$GPGLL,,,,,093853,A,A*78
$GPVTG,000.0,000.0,000.0,A*3d
$GPGSA,A,3,01,07,08,011,030,,,,,,,,4.8,3.4,3.2,1*28
$GPGSV,2,1,5,01,65,52,49,07,57,345,47,08,32,130,44,011,73,112,41,1*56
$GPGSV,2,2,5,030,65,278,44,1*5c
$GPGGA,093853,,,,,0,5,3.4,,M,,M,,0000*7e
$GPRMC,093853,A,,,,,000.0,000.0,260837,,,A*47
$GPGLL,,,,,093853,A,A*78
$GPVTG,000.0,000.0,000.0,A*3d
$GPGSA,A,3,01,07,08,011,030,,,,,,,,4.8,3.4,3.2,1*28
$GPGSV,2,1,5,01,65,52,49,07,57,345,47,08,32,130,44,011,73,112,41,1*56
$GPGSV,2,2,5,030,65,278,44,1*5c
$GPGGA,093854,,,,,0,5,3.4,,M,,M,,0000*79
$GPRMC,093854,A,,,,,000.0,000.0,260837,,,A*40
$GPGLL,,,,,093854,A,A*7f
$GPVTG,000.0,000.0,000.0,A*3d
$GPGSA,A,3,01,07,08,011,030,,,,,,,,4.8,3.4,3.2,1*28
$GPGSV,2,1,5,01,65,52,49,07,57,345,47,08,32,130,43,011,73,112,42,1*52
$GPGSV,2,2,5,030,65,279,46,1*5f
$GPGGA,093854,,,,,0,5,3.4,,M,,M,,0000*79
$GPRMC,093854,A,,,,,000.0,000.0,260837,,,A*40
$GPGLL,,,,,093854,A,A*7f
$GPVTG,000.0,000.0,000.0,A*3d
$GPGSA,A,3,01,07,08,011,030,,,,,,,,4.8,3.4,3.2,1*28
$GPGSV,2,1,5,01,65,52,49,07,57,345,47,08,32,130,43,011,73,112,42,1*52
$GPGSV,2,2,5,030,65,279,46,1*5f
$GPGGA,093855,,,,,0,5,3.4,,M,,M,,0000*78
$GPRMC,093855,A,,,,,000.0,000.0,260837,,,A*41
$GPGLL,,,,,093855,A,A*7e
$GPVTG,000.0,000.0,000.0,A*3d
$GPGSA,A,3,01,07,08,011,030,,,,,,,,4.7,3.4,3.2,1*27
$GPGSV,2,1,5,01,65,52,49,07,57,345,47,08,32,130,44,011,73,112,42,1*55
$GPGSV,2,2,5,030,65,279,46,1*5f
$GPGGA,093855,,,,,0,5,3.4,,M,,M,,0000*78
$GPRMC,093855,A,,,,,000.0,000.0,260837,,,A*41
$GPGLL,,,,,093855,A,A*7e
$GPVTG,000.0,000.0,000.0,A*3d
$GPGSA,A,3,01,07,08,011,030,,,,,,,,4.7,3.4,3.2,1*27
$GPGSV,2,1,5,01,65,52,49,07,57,345,47,08,32,130,44,011,73,112,42,1*55
$GPGSV,2,2,5,030,65,279,46,1*5f
$GPGGA,093856,,,,,0,5,3.4,,M,,M,,0000*7b
$GPRMC,093856,A,,,,,000.0,000.0,260837,,,A*42
$GPGLL,,,,,093856,A,A*7d
$GPVTG,000.0,000.0,000.0,A*3d
$GPGSA,A,3,01,07,08,011,030,,,,,,,,4.7,3.4,3.2,1*27
$GPGSV,2,1,5,01,65,52,48,07,57,345,48,08,32,130,41,011,73,112,42,1*5e
$GPGSV,2,2,5,030,65,279,42,1*5b
$GPGGA,093856,,,,,0,5,3.4,,M,,M,,0000*7b
$GPRMC,093856,A,,,,,000.0,000.0,260837,,,A*42
$GPGLL,,,,,093856,A,A*7d
$GPVTG,000.0,000.0,000.0,A*3d
$GPGSA,A,3,01,07,08,011,030,,,,,,,,4.7,3.4,3.2,1*27
$GPGSV,2,1,5,01,65,52,48,07,57,345,48,08,32,130,41,011,73,112,42,1*5e
$GPGSV,2,2,5,030,65,279,42,1*5b
$GPGGA,093857,,,,,0,5,3.4,,M,,M,,0000*7a
$GPRMC,093857,A,,,,,000.0,000.0,260837,,,A*43
$GPGLL,,,,,093857,A,A*7c
$GPVTG,000.0,000.0,000.0,A*3d
$GPGSA,A,3,01,07,08,011,030,,,,,,,,4.7,3.4,3.2,1*27
$GPGSV,2,1,5,01,65,52,48,07,57,345,47,08,32,130,43,011,73,112,41,1*50
$GPGSV,2,2,5,030,65,279,43,1*5a
$GPGGA,093857,,,,,0,5,3.4,,M,,M,,0000*7a
$GPRMC,093857,A,,,,,000.0,000.0,260837,,,A*43
$GPGLL,,,,,093857,A,A*7c
$GPVTG,000.0,000.0,000.0,A*3d
$GPGSA,A,3,01,07,08,011,030,,,,,,,,4.7,3.4,3.2,1*27
$GPGSV,2,1,5,01,65,52,48,07,57,345,47,08,32,130,43,011,73,112,41,1*50
$GPGSV,2,2,5,030,65,279,43,1*5a
$GPGGA,093858,,,,,0,5,3.4,,M,,M,,0000*75
$GPRMC,093858,A,,,,,000.0,000.0,260837,,,A*4c
$GPGLL,,,,,093858,A,A*73
$GPVTG,000.0,000.0,000.0,A*3d
$GPGSA,A,3,01,07,08,011,030,,,,,,,,4.7,3.4,3.2,1*27
$GPGSV,2,1,5,01,65,52,49,07,57,345,47,08,32,130,44,011,73,112,41,1*56
$GPGSV,2,2,5,030,65,279,44,1*5d
$GPGGA,093858,,,,,0,5,3.4,,M,,M,,0000*75
$GPRMC,093858,A,,,,,000.0,000.0,260837,,,A*4c
$GPGLL,,,,,093858,A,A*73
$GPVTG,000.0,000.0,000.0,A*3d
$GPGSA,A,3,01,07,08,011,030,,,,,,,,4.7,3.4,3.2,1*27
$GPGSV,2,1,5,01,65,52,49,07,57,345,47,08,32,130,44,011,73,112,41,1*56
$GPGSV,2,2,5,030,65,279,44,1*5d
$GPGGA,093859,,,,,0,5,3.4,,M,,M,,0000*74
$GPRMC,093859,A,,,,,000.0,000.0,260837,,,A*4d
$GPGLL,,,,,093859,A,A*72
$GPVTG,000.0,000.0,000.0,A*3d
$GPGSA,A,3,01,07,08,011,030,,,,,,,,4.7,3.4,3.2,1*27
$GPGSV,2,1,5,01,65,52,49,07,57,345,47,08,32,130,45,011,73,112,41,1*57
$GPGSV,2,2,5,030,65,279,44,1*5d
$GPGGA,093859,,,,,0,5,3.4,,M,,M,,0000*74
$GPRMC,093859,A,,,,,000.0,000.0,260837,,,A*4d
$GPGLL,,,,,093859,A,A*72
$GPVTG,000.0,000.0,000.0,A*3d
$GPGSA,A,3,01,07,08,011,030,,,,,,,,4.7,3.4,3.2,1*27
$GPGSV,2,1,5,01,65,52,49,07,57,345,47,08,32,130,45,011,73,112,41,1*57
$GPGSV,2,2,5,030,65,279,44,1*5d
$GPGGA,093900,,,,,0,5,3.4,,M,,M,,0000*79
$GPRMC,093900,A,,,,,000.0,000.0,260837,,,A*40
$GPGLL,,,,,093900,A,A*7f
$GPVTG,000.0,000.0,000.0,A*3d
$GPGSA,A,3,01,07,08,011,030,,,,,,,,4.7,3.4,3.2,1*27
$GPGSV,2,1,5,01,65,52,49,07,57,345,49,08,32,130,46,011,73,112,42,1*59
$GPGSV,2,2,5,030,65,279,45,1*5c
$GPGGA,093900,,,,,0,5,3.4,,M,,M,,0000*79
$GPRMC,093900,A,,,,,000.0,000.0,260837,,,A*40
$GPGLL,,,,,093900,A,A*7f
$GPVTG,000.0,000.0,000.0,A*3d
$GPGSA,A,3,01,07,08,011,030,,,,,,,,4.7,3.4,3.2,1*27
$GPGSV,2,1,5,01,65,52,49,07,57,345,49,08,32,130,46,011,73,112,42,1*59
$GPGSV,2,2,5,030,65,279,45,1*5c
$GPGGA,093901,,,,,0,5,3.4,,M,,M,,0000*78
$GPRMC,093901,A,,,,,000.0,000.0,260837,,,A*41
$GPGLL,,,,,093901,A,A*7e
$GPVTG,000.0,000.0,000.0,A*3d
$GPGSA,A,3,01,07,08,011,030,,,,,,,,4.7,3.4,3.2,1*27
$GPGSV,2,1,5,01,65,52,49,07,57,345,48,08,32,130,46,011,73,112,42,1*58
$GPGSV,2,2,5,030,65,279,45,1*5c
$GPGGA,093901,,,,,0,5,3.4,,M,,M,,0000*78
$GPRMC,093901,A,,,,,000.0,000.0,260837,,,A*41
$GPGLL,,,,,093901,A,A*7e
$GPVTG,000.0,000.0,000.0,A*3d
$GPGSA,A,3,01,07,08,011,030,,,,,,,,4.7,3.4,3.2,1*27
$GPGSV,2,1,5,01,65,52,49,07,57,345,48,08,32,130,46,011,73,112,42,1*58
$GPGSV,2,2,5,030,65,279,45,1*5c
$GPGGA,093902,,,,,0,5,3.4,,M,,M,,0000*7b
$GPRMC,093902,A,,,,,000.0,000.0,260837,,,A*42
$GPGLL,,,,,093902,A,A*7d
$GPVTG,000.0,000.0,000.0,A*3d
$GPGSA,A,3,01,07,08,011,030,,,,,,,,4.7,3.4,3.2,1*27
$GPGSV,2,1,5,01,65,52,49,07,56,345,48,08,32,130,43,011,73,112,43,1*5d
$GPGSV,2,2,5,030,65,279,43,1*5a
$GPGGA,093902,,,,,0,5,3.4,,M,,M,,0000*7b
$GPRMC,093902,A,,,,,000.0,000.0,260837,,,A*42
$GPGLL,,,,,093902,A,A*7d
$GPVTG,000.0,000.0,000.0,A*3d
$GPGSA,A,3,01,07,08,011,030,,,,,,,,4.7,3.4,3.2,1*27
$GPGSV,2,1,5,01,65,52,49,07,56,345,48,08,32,130,43,011,73,112,43,1*5d
$GPGSV,2,2,5,030,65,279,43,1*5a
$GPGGA,093903,,,,,0,5,3.4,,M,,M,,0000*7a
$GPRMC,093903,A,,,,,000.0,000.0,260837,,,A*43
$GPGLL,,,,,093903,A,A*7c
$GPVTG,000.0,000.0,000.0,A*3d
$GPGSA,A,3,01,07,08,011,030,,,,,,,,4.7,3.4,3.2,1*27
$GPGSV,2,1,5,01,65,52,49,07,56,345,48,08,32,130,44,011,73,112,43,1*5a
$GPGSV,2,2,5,030,65,279,45,1*5c
$GPGGA,093903,,,,,0,5,3.4,,M,,M,,0000*7a
$GPRMC,093903,A,,,,,000.0,000.0,260837,,,A*43
$GPGLL,,,,,093903,A,A*7c
$GPVTG,000.0,000.0,000.0,A*3d
$GPGSA,A,3,01,07,08,011,030,,,,,,,,4.7,3.4,3.2,1*27
$GPGSV,2,1,5,01,65,52,49,07,56,345,48,08,32,130,44,011,73,112,43,1*5a
$GPGSV,2,2,5,030,65,279,45,1*5c
$GPGGA,093904,,,,,0,5,3.4,,M,,M,,0000*7d
$GPRMC,093904,A,,,,,000.0,000.0,260837,,,A*44
$GPGLL,,,,,093904,A,A*7b
$GPVTG,000.0,000.0,000.0,A*3d
$GPGSA,A,3,01,07,08,011,030,,,,,,,,4.7,3.4,3.2,1*27
$GPGSV,2,1,5,01,65,52,49,07,56,345,48,08,32,130,44,011,73,112,42,1*5b
$GPGSV,2,2,5,030,65,279,45,1*5c
$GPGGA,093904,,,,,0,5,3.4,,M,,M,,0000*7d
$GPRMC,093904,A,,,,,000.0,000.0,260837,,,A*44
$GPGLL,,,,,093904,A,A*7b
$GPVTG,000.0,000.0,000.0,A*3d
$GPGSA,A,3,01,07,08,011,030,,,,,,,,4.7,3.4,3.2,1*27
$GPGSV,2,1,5,01,65,52,49,07,56,345,48,08,32,130,44,011,73,112,42,1*5b
$GPGSV,2,2,5,030,65,279,45,1*5c
$GPGGA,093905,,,,,0,5,3.4,,M,,M,,0000*7c
$GPRMC,093905,A,,,,,000.0,000.0,260837,,,A*45
$GPGLL,,,,,093905,A,A*7a
$GPVTG,000.0,000.0,000.0,A*3d
$GPGSA,A,3,01,07,08,011,030,,,,,,,,4.7,3.4,3.2,1*27
$GPGSV,2,1,5,01,65,52,49,07,56,345,48,08,32,130,44,011,73,112,43,1*5a
$GPGSV,2,2,5,030,65,279,45,1*5c
$GPGGA,093905,,,,,0,5,3.4,,M,,M,,0000*7c
$GPRMC,093905,A,,,,,000.0,000.0,260837,,,A*45
$GPGLL,,,,,093905,A,A*7a
$GPVTG,000.0,000.0,000.0,A*3d
$GPGSA,A,3,01,07,08,011,030,,,,,,,,4.7,3.4,3.2,1*27
$GPGSV,2,1,5,01,65,52,49,07,56,345,48,08,32,130,44,011,73,112,43,1*5a
$GPGSV,2,2,5,030,65,279,45,1*5c
$GPGGA,093906,,,,,0,5,3.4,,M,,M,,0000*7f
$GPRMC,093906,A,,,,,000.0,000.0,260837,,,A*46
$GPGLL,,,,,093906,A,A*79
$GPVTG,000.0,000.0,000.0,A*3d
$GPGSA,A,3,01,07,08,011,030,,,,,,,,4.7,3.4,3.2,1*27
$GPGSV,2,1,5,01,65,52,49,07,56,345,48,08,32,130,44,011,73,112,43,1*5a
$GPGSV,2,2,5,030,65,279,46,1*5f
$GPGGA,093906,,,,,0,5,3.4,,M,,M,,0000*7f
$GPRMC,093906,A,,,,,000.0,000.0,260837,,,A*46
$GPGLL,,,,,093906,A,A*79
$GPVTG,000.0,000.0,000.0,A*3d
$GPGSA,A,3,01,07,08,011,030,,,,,,,,4.7,3.4,3.2,1*27
$GPGSV,2,1,5,01,65,52,49,07,56,345,48,08,32,130,44,011,73,112,43,1*5a
$GPGSV,2,2,5,030,65,279,46,1*5f
$GPGGA,093907,,,,,0,5,3.4,,M,,M,,0000*7e
$GPRMC,093907,A,,,,,000.0,000.0,260837,,,A*47
$GPGLL,,,,,093907,A,A*78
$GPVTG,000.0,000.0,000.0,A*3d
$GPGSA,A,3,01,07,08,011,030,,,,,,,,4.7,3.4,3.2,1*27
$GPGSV,2,1,5,01,65,52,49,07,56,345,48,08,32,130,44,011,73,113,42,1*5a
$GPGSV,2,2,5,030,65,279,45,1*5c
$GPGGA,093907,,,,,0,5,3.4,,M,,M,,0000*7e
$GPRMC,093907,A,,,,,000.0,000.0,260837,,,A*47
$GPGLL,,,,,093907,A,A*78
$GPVTG,000.0,000.0,000.0,A*3d
$GPGSA,A,3,01,07,08,011,030,,,,,,,,4.7,3.4,3.2,1*27
$GPGSV,2,1,5,01,65,52,49,07,56,345,48,08,32,130,44,011,73,113,42,1*5a
$GPGSV,2,2,5,030,65,279,45,1*5c
$GPGGA,093908,,,,,0,5,3.4,,M,,M,,0000*71
$GPRMC,093908,A,,,,,000.0,000.0,260837,,,A*48
$GPGLL,,,,,093908,A,A*77
$GPVTG,000.0,000.0,000.0,A*3d
$GPGSA,A,3,01,07,08,011,030,,,,,,,,4.7,3.4,3.2,1*27
$GPGSV,2,1,5,01,65,52,49,07,56,345,48,08,32,130,44,011,73,113,42,1*5a
$GPGSV,2,2,5,030,65,279,44,1*5d
