
$GPGGA,125038,5029.2513,N,0815.8077,E,2,6,1.7,201.15,M,,M,,0000*6a
$GPRMC,125038,A,5029.2513,N,0815.8077,E,000.0,000.0,220637,,,A*40
$GPGLL,5029.2513,N,0815.8077,E,125038,A,A*75
$GPVTG,000.0,000.0,000.0,A*3d
$GPGSA,A,3,03,017,019,022,023,031,,,,,,,3.9,1.7,3.5,1*1b
$GPGSV,2,1,6,03,36,274,46,017,33,248,42,019,36,274,41,022,47,90,37,1*5d
$GPGSV,2,2,6,023,67,192,45,031,24,51,39,1*63
$GPGGA,125039,5029.2513,N,0815.8078,E,2,6,1.7,201.18,M,,M,,0000*69
$GPRMC,125039,A,5029.2513,N,0815.8078,E,000.0,000.0,220637,,,A*4e
$GPGLL,5029.2513,N,0815.8078,E,125039,A,A*7b
$GPVTG,000.0,000.0,000.0,A*3d
$GPGSA,A,3,03,017,019,022,023,031,,,,,,,3.9,1.7,3.5,1*1b
$GPGSV,2,1,6,03,36,274,47,017,33,248,42,019,36,274,41,022,47,90,37,1*5c
$GPGSV,2,2,6,023,67,192,46,031,24,51,39,1*60
$GPGGA,125039,5029.2513,N,0815.8078,E,2,6,1.7,201.18,M,,M,,0000*69
$GPRMC,125039,A,5029.2513,N,0815.8078,E,000.0,000.0,220637,,,A*4e
$GPGLL,5029.2513,N,0815.8078,E,125039,A,A*7b
$GPVTG,000.0,000.0,000.0,A*3d
$GPGSA,A,3,03,017,019,022,023,031,,,,,,,3.9,1.7,3.5,1*1b
$GPGSV,2,1,6,03,36,274,47,017,33,248,42,019,36,274,41,022,47,90,37,1*5c
$GPGSV,2,2,6,023,67,192,46,031,24,51,39,1*60
$GPGGA,125040,5029.2513,N,0815.8078,E,2,6,1.7,201.20,M,,M,,0000*6c
$GPRMC,125040,A,5029.2513,N,0815.8078,E,000.0,000.0,220637,,,A*40
$GPGLL,5029.2513,N,0815.8078,E,125040,A,A*75
$GPVTG,000.0,000.0,000.0,A*3d
$GPGSA,A,3,03,017,019,022,023,031,,,,,,,3.9,1.7,3.5,1*1b
$GPGSV,2,1,6,03,36,274,47,017,33,248,41,019,36,274,42,022,47,90,37,1*5c
$GPGSV,2,2,6,023,67,192,45,031,24,51,39,1*63
$GPGGA,125040,5029.2513,N,0815.8078,E,2,6,1.7,201.20,M,,M,,0000*6c
$GPRMC,125040,A,5029.2513,N,0815.8078,E,000.0,000.0,220637,,,A*40
$GPGLL,5029.2513,N,0815.8078,E,125040,A,A*75
$GPVTG,000.0,000.0,000.0,A*3d
$GPGSA,A,3,03,017,019,022,023,031,,,,,,,3.9,1.7,3.5,1*1b
$GPGSV,2,1,6,03,36,274,47,017,33,248,41,019,36,274,42,022,47,90,37,1*5c
$GPGSV,2,2,6,023,67,192,45,031,24,51,39,1*63
$GPGGA,125041,5029.2511,N,0815.8078,E,2,6,1.7,201.23,M,,M,,0000*6c
$GPRMC,125041,A,5029.2511,N,0815.8078,E,000.0,000.0,220637,,,A*43
$GPGLL,5029.2511,N,0815.8078,E,125041,A,A*76
$GPVTG,000.0,000.0,000.0,A*3d
$GPGSA,A,3,03,017,019,022,023,031,,,,,,,3.9,1.7,3.5,1*1b
$GPGSV,2,1,6,03,36,274,47,017,33,248,41,019,36,274,43,022,47,90,38,1*52
$GPGSV,2,2,6,023,67,192,45,031,24,51,39,1*63
$GPGGA,125041,5029.2511,N,0815.8078,E,2,6,1.7,201.23,M,,M,,0000*6c
$GPRMC,125041,A,5029.2511,N,0815.8078,E,000.0,000.0,220637,,,A*43
$GPGLL,5029.2511,N,0815.8078,E,125041,A,A*76
$GPVTG,000.0,000.0,000.0,A*3d
$GPGSA,A,3,03,017,019,022,023,031,,,,,,,3.9,1.7,3.5,1*1b
$GPGSV,2,1,6,03,36,274,47,017,33,248,41,019,36,274,43,022,47,90,38,1*52
$GPGSV,2,2,6,023,67,192,45,031,24,51,39,1*63
$GPGGA,125042,5029.2512,N,0815.8078,E,2,6,1.7,201.00,M,,M,,0000*6d
$GPRMC,125042,A,5029.2512,N,0815.8078,E,000.0,000.0,220637,,,A*43
$GPGLL,5029.2512,N,0815.8078,E,125042,A,A*76
$GPVTG,000.0,000.0,000.0,A*3d
$GPGSA,A,3,03,017,019,022,023,031,,,,,,,3.9,1.7,3.5,1*1b
$GPGSV,2,1,6,03,36,274,47,017,33,248,42,019,36,274,43,022,47,90,40,1*5e
$GPGSV,2,2,6,023,67,192,46,031,24,51,40,1*6e
$GPGGA,125042,5029.2512,N,0815.8078,E,2,6,1.7,201.00,M,,M,,0000*6d
$GPRMC,125042,A,5029.2512,N,0815.8078,E,000.0,000.0,220637,,,A*43
$GPGLL,5029.2512,N,0815.8078,E,125042,A,A*76
$GPVTG,000.0,000.0,000.0,A*3d
$GPGSA,A,3,03,017,019,022,023,031,,,,,,,3.9,1.7,3.5,1*1b
$GPGSV,2,1,6,03,36,274,47,017,33,248,42,019,36,274,43,022,47,90,40,1*5e
$GPGSV,2,2,6,023,67,192,46,031,24,51,40,1*6e
$GPGGA,125043,5029.2512,N,0815.8077,E,2,6,1.7,201.35,M,,M,,0000*65
$GPRMC,125043,A,5029.2512,N,0815.8077,E,000.0,000.0,220637,,,A*4d
$GPGLL,5029.2512,N,0815.8077,E,125043,A,A*78
$GPVTG,000.0,000.0,000.0,A*3d
$GPGSA,A,3,03,017,019,022,023,031,,,,,,,3.9,1.7,3.5,1*1b
$GPGSV,2,1,6,03,36,274,47,017,33,248,42,019,36,274,43,022,47,90,39,1*50
$GPGSV,2,2,6,023,67,192,46,031,24,51,39,1*60
$GPGGA,125043,5029.2512,N,0815.8077,E,2,6,1.7,201.35,M,,M,,0000*65
$GPRMC,125043,A,5029.2512,N,0815.8077,E,000.0,000.0,220637,,,A*4d
$GPGLL,5029.2512,N,0815.8077,E,125043,A,A*78
$GPVTG,000.0,000.0,000.0,A*3d
$GPGSA,A,3,03,017,019,022,023,031,,,,,,,3.9,1.7,3.5,1*1b
$GPGSV,2,1,6,03,36,274,47,017,33,248,42,019,36,274,43,022,47,90,39,1*50
$GPGSV,2,2,6,023,67,192,46,031,24,51,39,1*60
$GPGGA,125044,5029.2512,N,0815.8077,E,2,6,1.7,201.43,M,,M,,0000*63
$GPRMC,125044,A,5029.2512,N,0815.8077,E,000.0,000.0,220637,,,A*4a
$GPGLL,5029.2512,N,0815.8077,E,125044,A,A*7f
$GPVTG,000.0,000.0,000.0,A*3d
$GPGSA,A,3,03,017,019,022,023,031,,,,,,,3.9,1.7,3.5,1*1b
$GPGSV,2,1,6,03,36,274,43,017,33,248,41,019,36,274,41,022,47,90,37,1*5b
$GPGSV,2,2,6,023,67,192,42,031,24,51,39,1*64
$GPGGA,125044,5029.2512,N,0815.8077,E,2,6,1.7,201.43,M,,M,,0000*63
$GPRMC,125044,A,5029.2512,N,0815.8077,E,000.0,000.0,220637,,,A*4a
$GPGLL,5029.2512,N,0815.8077,E,125044,A,A*7f
$GPVTG,000.0,000.0,000.0,A*3d
$GPGSA,A,3,03,017,019,022,023,031,,,,,,,3.9,1.7,3.5,1*1b
$GPGSV,2,1,6,03,36,274,43,017,33,248,41,019,36,274,41,022,47,90,37,1*5b
$GPGSV,2,2,6,023,67,192,42,031,24,51,39,1*64
$GPGGA,125045,5029.2512,N,0815.8077,E,2,6,1.7,201.49,M,,M,,0000*68
$GPRMC,125045,A,5029.2512,N,0815.8077,E,000.0,000.0,220637,,,A*4b
$GPGLL,5029.2512,N,0815.8077,E,125045,A,A*7e
$GPVTG,000.0,000.0,000.0,A*3d
$GPGSA,A,3,03,017,019,022,023,031,,,,,,,3.9,1.7,3.5,1*1b
$GPGSV,2,1,6,03,36,274,44,017,33,248,42,019,36,274,42,022,47,90,37,1*5c
$GPGSV,2,2,6,023,67,192,44,031,24,51,39,1*62
$GPGGA,125045,5029.2512,N,0815.8077,E,2,6,1.7,201.49,M,,M,,0000*68
$GPRMC,125045,A,5029.2512,N,0815.8077,E,000.0,000.0,220637,,,A*4b
$GPGLL,5029.2512,N,0815.8077,E,125045,A,A*7e
$GPVTG,000.0,000.0,000.0,A*3d
$GPGSA,A,3,03,017,019,022,023,031,,,,,,,3.9,1.7,3.5,1*1b
$GPGSV,2,1,6,03,36,274,44,017,33,248,42,019,36,274,42,022,47,90,37,1*5c
$GPGSV,2,2,6,023,67,192,44,031,24,51,39,1*62
$GPGGA,125046,5029.2512,N,0815.8077,E,2,6,1.7,201.48,M,,M,,0000*6a
$GPRMC,125046,A,5029.2512,N,0815.8077,E,000.0,000.0,220637,,,A*48
$GPGLL,5029.2512,N,0815.8077,E,125046,A,A*7d
$GPVTG,000.0,000.0,000.0,A*3d
$GPGSA,A,3,03,017,019,022,023,031,,,,,,,3.9,1.7,3.5,1*1b
$GPGSV,2,1,6,03,36,274,44,017,33,248,42,019,36,274,42,022,47,90,39,1*52
$GPGSV,2,2,6,023,67,192,46,031,24,51,40,1*6e
$GPGGA,125046,5029.2512,N,0815.8077,E,2,6,1.7,201.48,M,,M,,0000*6a
$GPRMC,125046,A,5029.2512,N,0815.8077,E,000.0,000.0,220637,,,A*48
$GPGLL,5029.2512,N,0815.8077,E,125046,A,A*7d
$GPVTG,000.0,000.0,000.0,A*3d
$GPGSA,A,3,03,017,019,022,023,031,,,,,,,3.9,1.7,3.5,1*1b
$GPGSV,2,1,6,03,36,274,44,017,33,248,42,019,36,274,42,022,47,90,39,1*52
$GPGSV,2,2,6,023,67,192,46,031,24,51,40,1*6e
$GPGGA,125047,5029.2511,N,0815.8077,E,2,6,1.7,201.65,M,,M,,0000*67
$GPRMC,125047,A,5029.2511,N,0815.8077,E,000.0,000.0,220637,,,A*4a
$GPGLL,5029.2511,N,0815.8077,E,125047,A,A*7f
$GPVTG,000.0,000.0,000.0,A*3d
$GPGSA,A,3,03,017,019,022,023,031,,,,,,,3.9,1.7,3.5,1*1b
$GPGSV,2,1,6,03,36,274,45,017,33,248,42,019,36,274,44,022,47,90,39,1*55
$GPGSV,2,2,6,023,67,192,46,031,24,51,40,1*6e
$GPGGA,125047,5029.2511,N,0815.8077,E,2,6,1.7,201.65,M,,M,,0000*67
$GPRMC,125047,A,5029.2511,N,0815.8077,E,000.0,000.0,220637,,,A*4a
$GPGLL,5029.2511,N,0815.8077,E,125047,A,A*7f
$GPVTG,000.0,000.0,000.0,A*3d
$GPGSA,A,3,03,017,019,022,023,031,,,,,,,3.9,1.7,3.5,1*1b
$GPGSV,2,1,6,03,36,274,45,017,33,248,42,019,36,274,44,022,47,90,39,1*55
$GPGSV,2,2,6,023,67,192,46,031,24,51,40,1*6e
$GPGGA,125048,5029.2512,N,0815.8077,E,2,6,1.7,201.77,M,,M,,0000*68
$GPRMC,125048,A,5029.2512,N,0815.8077,E,000.0,000.0,220637,,,A*46
$GPGLL,5029.2512,N,0815.8077,E,125048,A,A*73
$GPVTG,000.0,000.0,000.0,A*3d
$GPGSA,A,3,03,017,019,022,023,031,,,,,,,3.9,1.7,3.5,1*1b
$GPGSV,2,1,6,03,36,274,46,017,33,248,44,019,36,274,44,022,47,90,40,1*5e
$GPGSV,2,2,6,023,67,192,47,031,24,51,40,1*6f
$GPGGA,125048,5029.2512,N,0815.8077,E,2,6,1.7,201.77,M,,M,,0000*68
$GPRMC,125048,A,5029.2512,N,0815.8077,E,000.0,000.0,220637,,,A*46
$GPGLL,5029.2512,N,0815.8077,E,125048,A,A*73
$GPVTG,000.0,000.0,000.0,A*3d
$GPGSA,A,3,03,017,019,022,023,031,,,,,,,3.9,1.7,3.5,1*1b
$GPGSV,2,1,6,03,36,274,46,017,33,248,44,019,36,274,44,022,47,90,40,1*5e
$GPGSV,2,2,6,023,67,192,47,031,24,51,40,1*6f
$GPGGA,125049,5029.2512,N,0815.8077,E,2,6,1.7,201.86,M,,M,,0000*67
$GPRMC,125049,A,5029.2512,N,0815.8077,E,000.0,000.0,220637,,,A*47
$GPGLL,5029.2512,N,0815.8077,E,125049,A,A*72
$GPVTG,000.0,000.0,000.0,A*3d
$GPGSA,A,3,03,017,019,022,023,031,,,,,,,3.9,1.7,3.5,1*1b
$GPGSV,2,1,6,03,36,274,45,017,33,248,43,019,36,274,43,022,47,90,42,1*5f
$GPGSV,2,2,6,023,67,192,47,031,24,51,39,1*61
$GPGGA,125049,5029.2512,N,0815.8077,E,2,6,1.7,201.86,M,,M,,0000*67
$GPRMC,125049,A,5029.2512,N,0815.8077,E,000.0,000.0,220637,,,A*47
$GPGLL,5029.2512,N,0815.8077,E,125049,A,A*72
$GPVTG,000.0,000.0,000.0,A*3d
$GPGSA,A,3,03,017,019,022,023,031,,,,,,,3.9,1.7,3.5,1*1b
$GPGSV,2,1,6,03,36,274,45,017,33,248,43,019,36,274,43,022,47,90,42,1*5f
$GPGSV,2,2,6,023,67,192,47,031,24,51,39,1*61
$GPGGA,125050,5029.2512,N,0815.8078,E,2,6,1.7,201.76,M,,M,,0000*6f
$GPRMC,125050,A,5029.2512,N,0815.8078,E,000.0,000.0,220637,,,A*40
$GPGLL,5029.2512,N,0815.8078,E,125050,A,A*75
$GPVTG,000.0,000.0,000.0,A*3d
$GPGSA,A,3,03,017,019,022,023,031,,,,,,,3.9,1.7,3.5,1*1b
$GPGSV,2,1,6,03,36,274,45,017,33,248,42,019,36,274,43,022,47,90,41,1*5d
$GPGSV,2,2,6,023,67,192,47,031,24,51,38,1*60
$GPGGA,125050,5029.2512,N,0815.8078,E,2,6,1.7,201.76,M,,M,,0000*6f
$GPRMC,125050,A,5029.2512,N,0815.8078,E,000.0,000.0,220637,,,A*40
$GPGLL,5029.2512,N,0815.8078,E,125050,A,A*75
$GPVTG,000.0,000.0,000.0,A*3d
$GPGSA,A,3,03,017,019,022,023,031,,,,,,,3.9,1.7,3.5,1*1b
$GPGSV,2,1,6,03,36,274,45,017,33,248,42,019,36,274,43,022,47,90,41,1*5d
$GPGSV,2,2,6,023,67,192,47,031,24,51,38,1*60
$GPGGA,125051,5029.2512,N,0815.8078,E,2,6,1.7,201.76,M,,M,,0000*6e
$GPRMC,125051,A,5029.2512,N,0815.8078,E,000.0,000.0,220637,,,A*41
$GPGLL,5029.2512,N,0815.8078,E,125051,A,A*74
$GPVTG,000.0,000.0,000.0,A*3d
$GPGSA,A,3,03,017,019,022,023,031,,,,,,,3.9,1.7,3.5,1*1b
$GPGSV,2,1,6,03,36,274,45,017,33,248,42,019,36,274,43,022,47,90,40,1*5c
$GPGSV,2,2,6,023,67,192,47,031,24,51,38,1*60
$GPGGA,125051,5029.2512,N,0815.8078,E,2,6,1.7,201.76,M,,M,,0000*6e
$GPRMC,125051,A,5029.2512,N,0815.8078,E,000.0,000.0,220637,,,A*41
$GPGLL,5029.2512,N,0815.8078,E,125051,A,A*74
$GPVTG,000.0,000.0,000.0,A*3d
$GPGSA,A,3,03,017,019,022,023,031,,,,,,,3.9,1.7,3.5,1*1b
$GPGSV,2,1,6,03,36,274,45,017,33,248,42,019,36,274,43,022,47,90,40,1*5c
$GPGSV,2,2,6,023,67,192,47,031,24,51,38,1*60
$GPGGA,125052,5029.2513,N,0815.8078,E,2,6,1.7,201.61,M,,M,,0000*6a
$GPRMC,125052,A,5029.2513,N,0815.8078,E,000.0,000.0,220637,,,A*43
$GPGLL,5029.2513,N,0815.8078,E,125052,A,A*76
$GPVTG,000.0,000.0,000.0,A*3d
$GPGSA,A,3,03,017,019,022,023,031,,,,,,,3.9,1.7,3.5,1*1b
$GPGSV,2,1,6,03,36,274,45,017,33,248,42,019,36,274,43,022,47,90,40,1*5c
$GPGSV,2,2,6,023,67,192,46,031,24,51,39,1*60
$GPGGA,125052,5029.2513,N,0815.8078,E,2,6,1.7,201.61,M,,M,,0000*6a
$GPRMC,125052,A,5029.2513,N,0815.8078,E,000.0,000.0,220637,,,A*43
$GPGLL,5029.2513,N,0815.8078,E,125052,A,A*76
$GPVTG,000.0,000.0,000.0,A*3d
$GPGSA,A,3,03,017,019,022,023,031,,,,,,,3.9,1.7,3.5,1*1b
$GPGSV,2,1,6,03,36,274,45,017,33,248,42,019,36,274,43,022,47,90,40,1*5c
$GPGSV,2,2,6,023,67,192,46,031,24,51,39,1*60
$GPGGA,125053,5029.2513,N,0815.8078,E,2,6,1.7,201.64,M,,M,,0000*6e
$GPRMC,125053,A,5029.2513,N,0815.8078,E,000.0,000.0,220637,,,A*42
$GPGLL,5029.2513,N,0815.8078,E,125053,A,A*77
$GPVTG,000.0,000.0,000.0,A*3d
$GPGSA,A,3,03,017,019,022,023,031,,,,,,,3.9,1.7,3.5,1*1b
$GPGSV,2,1,6,03,36,274,46,017,33,248,43,019,36,274,43,022,47,90,40,1*5e
$GPGSV,2,2,6,023,67,192,46,031,24,51,39,1*60
$GPGGA,125053,5029.2513,N,0815.8078,E,2,6,1.7,201.64,M,,M,,0000*6e
$GPRMC,125053,A,5029.2513,N,0815.8078,E,000.0,000.0,220637,,,A*42
$GPGLL,5029.2513,N,0815.8078,E,125053,A,A*77
$GPVTG,000.0,000.0,000.0,A*3d
$GPGSA,A,3,03,017,019,022,023,031,,,,,,,3.9,1.7,3.5,1*1b
$GPGSV,2,1,6,03,36,274,46,017,33,248,43,019,36,274,43,022,47,90,40,1*5e
$GPGSV,2,2,6,023,67,192,46,031,24,51,39,1*60
$GPGGA,125054,5029.2512,N,0815.8078,E,2,6,1.7,201.77,M,,M,,0000*6a
$GPRMC,125054,A,5029.2512,N,0815.8078,E,000.0,000.0,220637,,,A*44
$GPGLL,5029.2512,N,0815.8078,E,125054,A,A*71
$GPVTG,000.0,000.0,000.0,A*3d
$GPGSA,A,3,03,017,019,022,023,031,,,,,,,3.9,1.7,3.5,1*1b
$GPGSV,2,1,6,03,36,274,46,017,33,248,43,019,36,274,44,022,47,90,41,1*58
$GPGSV,2,2,6,023,67,192,46,031,24,51,39,1*60
$GPGGA,125054,5029.2512,N,0815.8078,E,2,6,1.7,201.77,M,,M,,0000*6a
$GPRMC,125054,A,5029.2512,N,0815.8078,E,000.0,000.0,220637,,,A*44
$GPGLL,5029.2512,N,0815.8078,E,125054,A,A*71
$GPVTG,000.0,000.0,000.0,A*3d
$GPGSA,A,3,03,017,019,022,023,031,,,,,,,3.9,1.7,3.5,1*1b
$GPGSV,2,1,6,03,36,274,46,017,33,248,43,019,36,274,44,022,47,90,41,1*58
$GPGSV,2,2,6,023,67,192,46,031,24,51,39,1*60
$GPGGA,125057,5029.2514,N,0815.8077,E,2,6,1.7,202.24,M,,M,,0000*65
$GPRMC,125057,A,5029.2514,N,0815.8077,E,000.0,000.0,220637,,,A*4e
$GPGLL,5029.2514,N,0815.8077,E,125057,A,A*7b
$GPVTG,000.0,000.0,000.0,A*3d
$GPGSA,A,3,03,017,019,022,023,031,,,,,,,3.9,1.7,3.5,1*1b
$GPGSV,2,1,6,03,36,274,44,017,33,248,42,019,36,274,44,022,47,90,41,1*5b
$GPGSV,2,2,6,023,67,192,46,031,24,51,38,1*61
$GPGGA,125057,5029.2514,N,0815.8077,E,2,6,1.7,202.24,M,,M,,0000*65
$GPRMC,125057,A,5029.2514,N,0815.8077,E,000.0,000.0,220637,,,A*4e
$GPGLL,5029.2514,N,0815.8077,E,125057,A,A*7b
$GPVTG,000.0,000.0,000.0,A*3d
$GPGSA,A,3,03,017,019,022,023,031,,,,,,,3.9,1.7,3.5,1*1b
$GPGSV,2,1,6,03,36,274,44,017,33,248,42,019,36,274,44,022,47,90,41,1*5b
$GPGSV,2,2,6,023,67,192,46,031,24,51,38,1*61
$GPGGA,125058,5029.2513,N,0815.8077,E,2,6,1.7,202.50,M,,M,,0000*6e
$GPRMC,125058,A,5029.2513,N,0815.8077,E,000.0,000.0,220637,,,A*46
$GPGLL,5029.2513,N,0815.8077,E,125058,A,A*73
$GPVTG,000.0,000.0,000.0,A*3d
$GPGSA,A,3,03,017,019,022,023,031,,,,,,,3.9,1.7,3.5,1*1b
$GPGSV,2,1,6,03,36,274,46,017,33,248,43,019,36,274,44,022,47,90,41,1*58
$GPGSV,2,2,6,023,67,192,46,031,24,51,38,1*61
